section 4 of Vtail
1.00000000     0.00000000
0.95799753     0.00480547
0.91597252     0.00940961
0.87392680     0.01382066
0.83186173     0.01804332
0.78977828     0.02207856
0.74767702     0.02592354
0.70555822     0.02957133
0.66342189     0.03301072
0.62126787     0.03622587
0.57909589     0.03919596
0.53690568     0.04189464
0.49469715     0.04428934
0.45247055     0.04634027
0.41022678     0.04799913
0.36796776     0.04920705
0.32569711     0.04989161
0.28342109     0.04996204
0.24115038     0.04930116
0.19890328     0.04775075
0.15671264     0.04508250
0.11464343     0.04093158
0.07284966     0.03461066
0.03187119     0.02435631
0.00000000     0.00000000
0.03187119     -0.02435631
0.07284966     -0.03461066
0.11464343     -0.04093158
0.15671264     -0.04508250
0.19890328     -0.04775075
0.24115038     -0.04930116
0.28342109     -0.04996204
0.32569711     -0.04989161
0.36796776     -0.04920705
0.41022678     -0.04799913
0.45247055     -0.04634027
0.49469715     -0.04428934
0.53690568     -0.04189464
0.57909589     -0.03919596
0.62126787     -0.03622587
0.66342189     -0.03301072
0.70555822     -0.02957133
0.74767702     -0.02592354
0.78977828     -0.02207856
0.83186173     -0.01804332
0.87392680     -0.01382066
0.91597252     -0.00940961
0.95799753     -0.00480547
1.00000000     0.00000000
