section 17 of Wing
1.00000000     -0.00000000
0.97986213     0.00440649
0.95939137     0.00686892
0.93879258     0.00781675
0.91817134     0.00761099
0.89757452     0.00657017
0.87701692     0.00492129
0.85649805     0.00284272
0.83601195     0.00046179
0.81555235     -0.00213763
0.79510854     -0.00485884
0.77467559     -0.00766055
0.75424776     -0.01049932
0.73381770     -0.01332201
0.71338066     -0.01609367
0.69293344     -0.01878914
0.67247327     -0.02138449
0.65199749     -0.02385335
0.63150408     -0.02617144
0.61099176     -0.02831553
0.59046254     -0.03029099
0.56991623     -0.03208024
0.54935408     -0.03367715
0.52877891     -0.03509652
0.50819160     -0.03632735
0.48759474     -0.03738648
0.46699003     -0.03828017
0.44637923     -0.03902058
0.42576345     -0.03960596
0.40514415     -0.04005078
0.38452229     -0.04035388
0.36389880     -0.04051394
0.34327472     -0.04052778
0.32265103     -0.04040174
0.30202897     -0.04011134
0.28140995     -0.03965443
0.26079560     -0.03902074
0.24018768     -0.03820416
0.21958748     -0.03721213
0.19899711     -0.03603392
0.17841797     -0.03467332
0.15785079     -0.03314233
0.13729929     -0.03141356
0.11676400     -0.02950230
0.09625366     -0.02734020
0.07577999     -0.02485686
0.05537559     -0.02186051
0.03512154     -0.01798674
0.01531283     -0.01230289
0.00000000     -0.00000000
0.01324843     0.01461608
0.03268728     0.02168703
0.05283031     0.02650276
0.07318473     0.03034412
0.09363981     0.03361095
0.11415849     0.03645252
0.13472288     0.03894250
0.15532145     0.04113148
0.17594558     0.04306606
0.19658992     0.04477196
0.21724946     0.04628332
0.23791989     0.04763709
0.25859852     0.04885973
0.27928510     0.04993991
0.29997716     0.05090917
0.32067495     0.05174747
0.34137711     0.05246907
0.36208347     0.05305832
0.38279332     0.05350959
0.40350544     0.05384005
0.42421936     0.05402572
0.44493399     0.05409893
0.46564866     0.05404259
0.48636283     0.05388586
0.50707588     0.05361823
0.52778746     0.05325597
0.54849722     0.05280043
0.56920441     0.05223997
0.58990836     0.05157179
0.61060833     0.05078918
0.63130169     0.04984858
0.65198774     0.04875919
0.67266282     0.04747818
0.69332466     0.04599952
0.71397112     0.04431956
0.73459839     0.04241822
0.75520591     0.04031382
0.77579457     0.03803181
0.79636473     0.03558851
0.81692183     0.03303759
0.83746954     0.03041197
0.85801007     0.02773082
0.87854390     0.02499876
0.89906528     0.02217482
0.91956031     0.01916645
0.93999664     0.01578480
0.96031094     0.01173874
0.98038187     0.00662891
1.00000000     -0.00000000
