section 11 of Wing_1
1.00000000     0.00000000
0.97972965     0.00382640
0.95919186     0.00579932
0.93856466     0.00637166
0.91793315     0.00591917
0.89733151     0.00470795
0.87677077     0.00292915
0.85625177     0.00071888
0.83576879     -0.00180464
0.81531680     -0.00456881
0.79488771     -0.00749751
0.77447347     -0.01052816
0.75406697     -0.01361062
0.73366136     -0.01669893
0.71325004     -0.01974929
0.69282688     -0.02271926
0.67238892     -0.02558548
0.65193118     -0.02830670
0.63145318     -0.03087113
0.61095266     -0.03324849
0.59043153     -0.03544058
0.56988976     -0.03743019
0.54932858     -0.03920814
0.52874962     -0.04076684
0.50815579     -0.04211431
0.48754917     -0.04325020
0.46693237     -0.04418317
0.44630692     -0.04490065
0.42567565     -0.04542365
0.40504018     -0.04573977
0.38440266     -0.04586893
0.36376480     -0.04581572
0.34312825     -0.04557663
0.32249478     -0.04514893
0.30186548     -0.04455312
0.28124220     -0.04377547
0.26062623     -0.04282376
0.24001937     -0.04169180
0.21942354     -0.04037437
0.19884094     -0.03886389
0.17827429     -0.03715074
0.15772543     -0.03523581
0.13719809     -0.03310224
0.11669572     -0.03074132
0.09622408     -0.02812734
0.07579324     -0.02521245
0.05542444     -0.02189315
0.03518509     -0.01786655
0.01534123     -0.01224924
0.00000000     0.00000000
0.01330408     0.01453898
0.03276747     0.02150229
0.05292687     0.02619283
0.07329206     0.02990581
0.09375324     0.03305085
0.11427313     0.03578859
0.13483478     0.03819304
0.15542702     0.04031965
0.17604203     0.04221347
0.19667460     0.04390583
0.21732006     0.04543326
0.23797474     0.04683043
0.25863837     0.04808860
0.27930859     0.04923363
0.29998426     0.05027571
0.32066603     0.05118840
0.34135249     0.05198790
0.36204371     0.05265212
0.38273908     0.05317192
0.40343746     0.05355324
0.42413796     0.05379231
0.44483963     0.05388400
0.46554148     0.05383795
0.48624253     0.05365202
0.50694203     0.05333643
0.52763921     0.05289473
0.54833331     0.05232641
0.56902333     0.05162571
0.58970833     0.05078920
0.61038641     0.04979704
0.63105586     0.04863870
0.65171521     0.04731260
0.67236146     0.04579641
0.69299202     0.04407989
0.71360515     0.04216532
0.73419937     0.04005679
0.75477600     0.03778312
0.77533537     0.03535796
0.79588186     0.03282614
0.81642067     0.03023256
0.83695588     0.02761046
0.85749222     0.02499735
0.87802802     0.02237997
0.89856095     0.01974024
0.91907893     0.01698730
0.93955573     0.01394500
0.95994119     0.01034463
0.98014454     0.00584070
1.00000000     0.00000000
