section 3 of Wing
1.00000000     0.00000000
0.97916551     -0.00051808
0.95837590     -0.00199398
0.93764688     -0.00416708
0.91697714     -0.00684887
0.89635514     -0.00987712
0.87576803     -0.01313487
0.85520589     -0.01654715
0.83465839     -0.02004650
0.81411885     -0.02359239
0.79358301     -0.02715961
0.77304487     -0.03071352
0.75250327     -0.03424735
0.73195478     -0.03774099
0.71139662     -0.04117718
0.69082571     -0.04453627
0.67024208     -0.04781642
0.64964205     -0.05099185
0.62902648     -0.05406474
0.60839217     -0.05700920
0.58773794     -0.05981045
0.56706362     -0.06245918
0.54636953     -0.06494869
0.52565345     -0.06724811
0.50491757     -0.06936125
0.48416180     -0.07126902
0.46338681     -0.07295451
0.44259287     -0.07438688
0.42178230     -0.07555309
0.40095783     -0.07643608
0.38012204     -0.07699154
0.35928014     -0.07721378
0.33843754     -0.07707141
0.31760131     -0.07653791
0.29677943     -0.07560000
0.27598000     -0.07425228
0.25521202     -0.07248517
0.23448296     -0.07030870
0.21379925     -0.06773605
0.19316847     -0.06476921
0.17259240     -0.06144353
0.15208069     -0.05774145
0.13164168     -0.05365756
0.11128908     -0.04916343
0.09105064     -0.04418112
0.07097447     -0.03858219
0.05114671     -0.03216173
0.03172933     -0.02459681
0.01317490     -0.01513883
0.00000000     0.00000000
0.01144770     0.01628656
0.03009747     0.02523335
0.04990956     0.03131264
0.07011169     0.03595521
0.09051280     0.03963326
0.11103359     0.04257407
0.13163477     0.04488831
0.15228867     0.04667341
0.17297621     0.04801568
0.19368371     0.04900604
0.21440344     0.04969743
0.23512976     0.05015291
0.25585937     0.05042051
0.27659043     0.05053307
0.29732176     0.05049411
0.31805248     0.05033201
0.33878172     0.05003342
0.35950875     0.04960986
0.38023295     0.04906434
0.40095339     0.04839103
0.42167030     0.04761652
0.44238291     0.04673443
0.46309200     0.04577298
0.48379792     0.04474541
0.50450065     0.04365552
0.52520079     0.04251736
0.54589900     0.04134468
0.56659516     0.04013642
0.58728906     0.03889002
0.60798002     0.03759587
0.62866714     0.03624161
0.64934890     0.03480799
0.67002443     0.03328714
0.69069370     0.03168349
0.71135410     0.02996936
0.73200666     0.02816329
0.75265120     0.02626752
0.77329015     0.02431189
0.79392567     0.02232037
0.81456050     0.02032158
0.83519528     0.01832241
0.85583305     0.01635421
0.87647272     0.01440611
0.89711106     0.01244400
0.91774276     0.01041368
0.93835925     0.00823483
0.95894876     0.00581493
0.97949709     0.00306800
1.00000000     0.00000000
