section 2 of Htail
1.00000000     -0.00000000
0.97901635     -0.00227000
0.95802753     -0.00449167
0.93703378     -0.00666628
0.91603532     -0.00879491
0.89503234     -0.01087843
0.87402499     -0.01291748
0.85301341     -0.01491253
0.83199773     -0.01686381
0.81097803     -0.01877132
0.78995438     -0.02063486
0.76892685     -0.02245399
0.74789546     -0.02422802
0.72686024     -0.02595605
0.70582120     -0.02763689
0.68477834     -0.02926913
0.66373163     -0.03085106
0.64268106     -0.03238073
0.62162660     -0.03385589
0.60056822     -0.03527398
0.57950589     -0.03663210
0.55843958     -0.03792704
0.53736928     -0.03915522
0.51629497     -0.04031266
0.49521667     -0.04139500
0.47413442     -0.04239740
0.45304829     -0.04331454
0.43195840     -0.04414057
0.41086491     -0.04486902
0.38976808     -0.04549275
0.36866821     -0.04600385
0.34756576     -0.04639352
0.32646130     -0.04665191
0.30535558     -0.04676795
0.28424959     -0.04672909
0.26314460     -0.04652094
0.24204227     -0.04612687
0.22094480     -0.04552730
0.19985511     -0.04469884
0.17877713     -0.04361294
0.15771635     -0.04223383
0.13668063     -0.04051521
0.11568173     -0.03839471
0.09473837     -0.03578372
0.07388299     -0.03254712
0.05317917     -0.02845703
0.03277975     -0.02306427
0.01322783     -0.01519747
0.00000000     -0.00000000
0.01322791     0.01519726
0.03277999     0.02306357
0.05317951     0.02845581
0.07388339     0.03254537
0.09473883     0.03578146
0.11568221     0.03839195
0.13668112     0.04051197
0.15771685     0.04223012
0.17877762     0.04360879
0.19985558     0.04469426
0.22094526     0.04552231
0.24204271     0.04612150
0.26314501     0.04651520
0.28424997     0.04672299
0.30535593     0.04676152
0.32646161     0.04664517
0.34756603     0.04638649
0.36866844     0.04599655
0.38976827     0.04548520
0.41086506     0.04486124
0.43195851     0.04413258
0.45304836     0.04330635
0.47413444     0.04238904
0.49521665     0.04138648
0.51629491     0.04030401
0.53736917     0.03914645
0.55843944     0.03791817
0.57950571     0.03662315
0.60056800     0.03526497
0.62162635     0.03384685
0.64268077     0.03237167
0.66373130     0.03084200
0.68477798     0.02926011
0.70582082     0.02762799
0.72685984     0.02594734
0.74789504     0.02421957
0.76892642     0.02244586
0.78995396     0.02062713
0.81097761     0.01876406
0.83199732     0.01685708
0.85301303     0.01490640
0.87402463     0.01291202
0.89503202     0.01087370
0.91603505     0.00879100
0.93703356     0.00666324
0.95802738     0.00448957
0.97901627     0.00226891
1.00000000     -0.00000000
