section 22 of Wing
1.00000000     0.00000000
0.97936834     -0.00064037
0.95874799     -0.00157529
0.93814628     -0.00285652
0.91756695     -0.00445780
0.89701265     -0.00635368
0.87648249     -0.00849636
0.85597571     -0.01085222
0.83548677     -0.01335890
0.81501392     -0.01599404
0.79455296     -0.01871995
0.77409771     -0.02148842
0.75364465     -0.02427308
0.73319018     -0.02704737
0.71273157     -0.02979095
0.69226506     -0.03247497
0.67178798     -0.03507697
0.65129790     -0.03757451
0.63079417     -0.03995722
0.61027587     -0.04221110
0.58974095     -0.04430801
0.56919009     -0.04624237
0.54862398     -0.04800717
0.52804252     -0.04958274
0.50744746     -0.05096931
0.48683974     -0.05215286
0.46622112     -0.05312748
0.44559329     -0.05388339
0.42495876     -0.05442577
0.40431935     -0.05473002
0.38367785     -0.05480760
0.36303694     -0.05463557
0.34239926     -0.05423175
0.32176841     -0.05356451
0.30114696     -0.05265235
0.28053891     -0.05147593
0.25994596     -0.05005910
0.23937191     -0.04838980
0.21881903     -0.04647753
0.19828821     -0.04434149
0.17778063     -0.04199257
0.15729918     -0.03942580
0.13684304     -0.03666461
0.11641854     -0.03367818
0.09603013     -0.03045506
0.07569504     -0.02691192
0.05544409     -0.02291801
0.03535144     -0.01819697
0.01566920     -0.01201067
0.00000000     0.00000000
0.01679802     0.01003716
0.03690608     0.01416534
0.05721989     0.01716513
0.07760150     0.01966794
0.09801888     0.02186118
0.11846256     0.02379460
0.13892772     0.02548541
0.15940946     0.02696190
0.17990432     0.02824435
0.20040888     0.02936124
0.22092059     0.03033833
0.24143729     0.03120466
0.26195794     0.03197149
0.28248175     0.03264860
0.30300784     0.03325260
0.32353627     0.03377119
0.34406694     0.03419145
0.36459939     0.03451323
0.38513324     0.03472611
0.40566798     0.03482283
0.42620289     0.03478302
0.44673712     0.03461026
0.46726968     0.03429687
0.48779963     0.03384364
0.50832644     0.03326519
0.52884901     0.03255236
0.54936751     0.03173005
0.56988097     0.03079080
0.59038954     0.02974968
0.61089352     0.02862172
0.63139281     0.02741187
0.65188699     0.02611791
0.67237759     0.02476859
0.69286373     0.02335305
0.71334613     0.02188447
0.73382594     0.02038030
0.75430273     0.01883527
0.77477786     0.01726861
0.79525144     0.01568166
0.81572481     0.01409211
0.83619761     0.01249505
0.85667006     0.01089365
0.87714317     0.00930070
0.89761567     0.00769994
0.91808748     0.00609033
0.93855906     0.00447787
0.95903161     0.00287791
0.97950956     0.00134902
1.00000000     0.00000000
