section 12 of Wing
1.00000000     -0.00000000
0.97978997     0.00408922
0.95928898     0.00633172
0.93867953     0.00714663
0.91805442     0.00689118
0.89745398     0.00583315
0.87689256     0.00417797
0.85637152     0.00207770
0.83588755     -0.00035859
0.81543221     -0.00302508
0.79499920     -0.00585785
0.77458004     -0.00878907
0.75416994     -0.01178272
0.73375947     -0.01477394
0.71334281     -0.01772244
0.69291733     -0.02060922
0.67247633     -0.02338398
0.65201688     -0.02601891
0.63153867     -0.02850393
0.61104088     -0.03082178
0.59052190     -0.03294389
0.56998270     -0.03486036
0.54942695     -0.03658996
0.52885379     -0.03809848
0.50826729     -0.03941282
0.48766882     -0.04052396
0.46706104     -0.04144601
0.44644526     -0.04216849
0.42582404     -0.04271227
0.40519882     -0.04307531
0.38457128     -0.04326776
0.36394287     -0.04328019
0.34331498     -0.04313072
0.32268913     -0.04280361
0.30206672     -0.04230666
0.28144904     -0.04164151
0.26083765     -0.04080278
0.24023465     -0.03977886
0.21964109     -0.03858032
0.19905858     -0.03720457
0.17848950     -0.03564096
0.15793480     -0.03389921
0.13739714     -0.03196677
0.11687949     -0.02983249
0.09638818     -0.02745894
0.07593656     -0.02476572
0.05554912     -0.02162582
0.03529902     -0.01770510
0.01545624     -0.01211969
0.00000000     -0.00000000
0.01307639     0.01475366
0.03253079     0.02176952
0.05269238     0.02649901
0.07305367     0.03029342
0.09351031     0.03353794
0.11402783     0.03637360
0.13459081     0.03885832
0.15518844     0.04103816
0.17581290     0.04294835
0.19645567     0.04464939
0.21711198     0.04617782
0.23777835     0.04756376
0.25845242     0.04882998
0.27913246     0.04999459
0.29981810     0.05105498
0.32050864     0.05201488
0.34120500     0.05284001
0.36190577     0.05354580
0.38261093     0.05410711
0.40331974     0.05451203
0.42403084     0.05477633
0.44474332     0.05488733
0.46545608     0.05484596
0.48616817     0.05467749
0.50687862     0.05436706
0.52758704     0.05394119
0.54829245     0.05338824
0.56899415     0.05271009
0.58969116     0.05190246
0.61038182     0.05094494
0.63106414     0.04982200
0.65173543     0.04851222
0.67239342     0.04700726
0.69303462     0.04528726
0.71365744     0.04335936
0.73425971     0.04122296
0.75484106     0.03889371
0.77540557     0.03641976
0.79595517     0.03382457
0.81649607     0.03116149
0.83703438     0.02847840
0.85757257     0.02579445
0.87811247     0.02312357
0.89864827     0.02042145
0.91916535     0.01758133
0.93963566     0.01442369
0.96000639     0.01068129
0.98017979     0.00599723
1.00000000     -0.00000000
