section 8 of Wing_1
1.00000000     0.00000000
0.97955873     0.00289150
0.95893376     0.00389184
0.93828481     0.00355703
0.91767075     0.00228891
0.89710673     0.00036663
0.87658755     -0.00198913
0.85610633     -0.00465576
0.83565468     -0.00754089
0.81522297     -0.01056424
0.79480470     -0.01367715
0.77439373     -0.01683770
0.75398503     -0.02001282
0.73357057     -0.02315068
0.71314884     -0.02624088
0.69271385     -0.02924198
0.67226184     -0.03212478
0.65179194     -0.03487755
0.63130061     -0.03746590
0.61078783     -0.03987804
0.59025297     -0.04209451
0.56969607     -0.04409644
0.54911911     -0.04587960
0.52852442     -0.04744537
0.50791345     -0.04877971
0.48728864     -0.04987945
0.46665341     -0.05076270
0.44600960     -0.05141428
0.42536012     -0.05185277
0.40470709     -0.05206594
0.38405296     -0.05206700
0.36339981     -0.05186629
0.34274973     -0.05145755
0.32210465     -0.05084576
0.30146658     -0.05003190
0.28083797     -0.04900541
0.26022098     -0.04776823
0.23961737     -0.04632487
0.21903107     -0.04465275
0.19846451     -0.04275300
0.17792045     -0.04062357
0.15740331     -0.03824907
0.13691475     -0.03563933
0.11645935     -0.03278123
0.09604016     -0.02967523
0.07566503     -0.02629257
0.05535790     -0.02252456
0.03517798     -0.01813149
0.01538904     -0.01225830
0.00000000     0.00000000
0.01326222     0.01458752
0.03265405     0.02171960
0.05276961     0.02655428
0.07311088     0.03034478
0.09355635     0.03352937
0.11406510     0.03627843
0.13461737     0.03868212
0.15520254     0.04078597
0.17581173     0.04263963
0.19643934     0.04427621
0.21708095     0.04572596
0.23773337     0.04701285
0.25839479     0.04814596
0.27906344     0.04913836
0.29973825     0.04999292
0.32041823     0.05071137
0.34110285     0.05128163
0.36179069     0.05172006
0.38248136     0.05199309
0.40317341     0.05212019
0.42386588     0.05210121
0.44455772     0.05193829
0.46524792     0.05163140
0.48593585     0.05119721
0.50662079     0.05063810
0.52730249     0.04997004
0.54798015     0.04918642
0.56865323     0.04829047
0.58932204     0.04730085
0.60998415     0.04618007
0.63064019     0.04495250
0.65128746     0.04358546
0.67192559     0.04208700
0.69255255     0.04044142
0.71316600     0.03863479
0.73376696     0.03669091
0.75435301     0.03459498
0.77492744     0.03238763
0.79549016     0.03007367
0.81604484     0.02768933
0.83659539     0.02526958
0.85714558     0.02284680
0.87769386     0.02040785
0.89824004     0.01795128
0.91877353     0.01539121
0.93927607     0.01259556
0.95971091     0.00934498
0.98000069     0.00529278
1.00000000     0.00000000
