section 2 of Wing
1.00000000     0.00000000
0.97908778     -0.00115156
0.95825559     -0.00332228
0.93751387     -0.00623895
0.91684951     -0.00966385
0.89623967     -0.01340396
0.87565862     -0.01729990
0.85509175     -0.02127010
0.83452395     -0.02523551
0.81395046     -0.02917121
0.79336853     -0.03306255
0.77277432     -0.03688838
0.75217248     -0.04067295
0.73156078     -0.04440340
0.71094084     -0.04808805
0.69031093     -0.05171642
0.66966901     -0.05527591
0.64901403     -0.05875871
0.62834313     -0.06214572
0.60765353     -0.06541641
0.58694285     -0.06855070
0.56620942     -0.07153071
0.54545001     -0.07432406
0.52466476     -0.07691798
0.50385333     -0.07929254
0.48301520     -0.08141996
0.46215139     -0.08327823
0.44126321     -0.08483900
0.42035438     -0.08609152
0.39942746     -0.08699321
0.37848784     -0.08752175
0.35754193     -0.08763500
0.33659821     -0.08731300
0.31566660     -0.08653268
0.29475791     -0.08528217
0.27388333     -0.08355227
0.25305390     -0.08134443
0.23227577     -0.07869659
0.21155575     -0.07562649
0.19089593     -0.07217440
0.17029661     -0.06837752
0.14976285     -0.06424046
0.12930615     -0.05973829
0.10894472     -0.05482401
0.08872779     -0.04934682
0.06873839     -0.04309283
0.04911248     -0.03578320
0.03008550     -0.02703991
0.01219811     -0.01618048
0.00000000     0.00000000
0.01049339     0.01706380
0.02873013     0.02687662
0.04840693     0.03348660
0.06856269     0.03847624
0.08896295     0.04235465
0.10951036     0.04536080
0.13015449     0.04761203
0.15086052     0.04919957
0.17160115     0.05024584
0.19236013     0.05083193
0.21312602     0.05107990
0.23389349     0.05106463
0.25465999     0.05086360
0.27542483     0.05053127
0.29618817     0.05011433
0.31694983     0.04962058
0.33771016     0.04907430
0.35846895     0.04847166
0.37922631     0.04782190
0.39998150     0.04710606
0.42073480     0.04633745
0.44148609     0.04551650
0.46223495     0.04463608
0.48298177     0.04370890
0.50372644     0.04273464
0.52447001     0.04173750
0.54521209     0.04070965
0.56595311     0.03966046
0.58669304     0.03859016
0.60743124     0.03748688
0.62816767     0.03635084
0.64890144     0.03516713
0.66963145     0.03391952
0.69035626     0.03258824
0.71107468     0.03116106
0.73178619     0.02963720
0.75248910     0.02800035
0.77318373     0.02626197
0.79387033     0.02443053
0.81455032     0.02252588
0.83522491     0.02056334
0.85589529     0.01855686
0.87656345     0.01652771
0.89722502     0.01443264
0.91787764     0.01225144
0.93850860     0.00987482
0.95910020     0.00718011
0.97961774     0.00397298
1.00000000     0.00000000
