section 20 of Wing
1.00000000     0.00000000
0.97965312     0.00326463
0.95911933     0.00503808
0.93851902     0.00572579
0.91790692     0.00560492
0.89730727     0.00486703
0.87673031     0.00364967
0.85617903     0.00205451
0.83565361     0.00015440
0.81515270     -0.00199515
0.79467279     -0.00433641
0.77420971     -0.00682072
0.75375615     -0.00938229
0.73331005     -0.01200289
0.71286380     -0.01462232
0.69241337     -0.01720882
0.67195477     -0.01972991
0.65148410     -0.02215089
0.63100070     -0.02446164
0.61050266     -0.02663861
0.58999061     -0.02867925
0.56946268     -0.03055351
0.54892119     -0.03227258
0.52836643     -0.03382518
0.50780035     -0.03521998
0.48722319     -0.03644039
0.46663732     -0.03750341
0.44604338     -0.03839641
0.42544315     -0.03913072
0.40483751     -0.03969276
0.38422814     -0.04009575
0.36361624     -0.04033657
0.34300307     -0.04040936
0.32238996     -0.04032006
0.30177823     -0.04006467
0.28116938     -0.03963610
0.26056471     -0.03903985
0.23996609     -0.03826242
0.21937488     -0.03730806
0.19879348     -0.03616147
0.17822342     -0.03482748
0.15766793     -0.03328474
0.13713012     -0.03152286
0.11661333     -0.02953117
0.09612304     -0.02728345
0.07567055     -0.02471553
0.05528037     -0.02169434
0.03502133     -0.01790161
0.01517777     -0.01238259
0.00000000     0.00000000
0.01443184     0.01337537
0.03406399     0.01980377
0.05421788     0.02441213
0.07454511     0.02819261
0.09496148     0.03146008
0.11543813     0.03432711
0.13595975     0.03685262
0.15651545     0.03908389
0.17709767     0.04105632
0.19769955     0.04281118
0.21831587     0.04438834
0.23894391     0.04580384
0.25958051     0.04708862
0.28022380     0.04826133
0.30087372     0.04931089
0.32152914     0.05024600
0.34218929     0.05106987
0.36285368     0.05177948
0.38352232     0.05235223
0.40419422     0.05279128
0.42486838     0.05310669
0.44554427     0.05327357
0.46622077     0.05331895
0.48689716     0.05322761
0.50757251     0.05300406
0.52824601     0.05264752
0.54891721     0.05217686
0.56958476     0.05156582
0.59024806     0.05082511
0.61090564     0.04993965
0.63155645     0.04890795
0.65219794     0.04770391
0.67282838     0.04632423
0.69344583     0.04476218
0.71404792     0.04300928
0.73463268     0.04106344
0.75519880     0.03892941
0.77574695     0.03662867
0.79627691     0.03417071
0.81679050     0.03157987
0.83729055     0.02888371
0.85777876     0.02609896
0.87825553     0.02323144
0.89871885     0.02026954
0.91915679     0.01713761
0.93955343     0.01374823
0.95987447     0.00993371
0.98005888     0.00545537
1.00000000     0.00000000
