section 21 of Wing
1.00000000     0.00000000
0.97954730     0.00251893
0.95897071     0.00368928
0.93836076     0.00390011
0.91775411     0.00344646
0.89716452     0.00248723
0.87659605     0.00114703
0.85605065     -0.00051140
0.83552660     -0.00241583
0.81502213     -0.00452137
0.79453387     -0.00677949
0.77405909     -0.00915692
0.75359247     -0.01160354
0.73312872     -0.01407422
0.71266644     -0.01655697
0.69219846     -0.01899236
0.67172474     -0.02137885
0.65124083     -0.02367618
0.63074640     -0.02587780
0.61024059     -0.02797035
0.58972274     -0.02994164
0.56919178     -0.03177139
0.54865012     -0.03347644
0.52809591     -0.03502296
0.50753168     -0.03643006
0.48695689     -0.03767274
0.46637328     -0.03875967
0.44578139     -0.03967706
0.42518226     -0.04041395
0.40457777     -0.04098001
0.38396903     -0.04136257
0.36335774     -0.04156544
0.34274546     -0.04158328
0.32213379     -0.04142135
0.30152426     -0.04108413
0.28091840     -0.04056968
0.26031745     -0.03988662
0.23972252     -0.03904039
0.21913569     -0.03801619
0.19855882     -0.03680798
0.17799296     -0.03542538
0.15744183     -0.03383862
0.13690863     -0.03203497
0.11639723     -0.02999854
0.09591405     -0.02769594
0.07547030     -0.02506730
0.05508962     -0.02199013
0.03484136     -0.01814633
0.01501863     -0.01255915
0.00000000     0.00000000
0.01542106     0.01219219
0.03521444     0.01799745
0.05539496     0.02231869
0.07571180     0.02595242
0.09610128     0.02915476
0.11653950     0.03203030
0.13701649     0.03461561
0.15752490     0.03693924
0.17805851     0.03902860
0.19861366     0.04089431
0.21918471     0.04257622
0.23976869     0.04409178
0.26036380     0.04544761
0.28096677     0.04667799
0.30157737     0.04777369
0.32219413     0.04874709
0.34281667     0.04958873
0.36344381     0.05030886
0.38407533     0.05089036
0.40471022     0.05133476
0.42534793     0.05162149
0.44598715     0.05176417
0.46662684     0.05174614
0.48726573     0.05156635
0.50790286     0.05124001
0.52853660     0.05074429
0.54916631     0.05010295
0.56979075     0.04930916
0.59040864     0.04836107
0.61101964     0.04727329
0.63162171     0.04602731
0.65221464     0.04463906
0.67279684     0.04309948
0.69336669     0.04140285
0.71392312     0.03955096
0.73446511     0.03754495
0.75499243     0.03539419
0.77550549     0.03311119
0.79600338     0.03069577
0.81648824     0.02817219
0.83696276     0.02556601
0.85743004     0.02290346
0.87789129     0.02019504
0.89834696     0.01744478
0.91879357     0.01462792
0.93922011     0.01166947
0.95960231     0.00842096
0.97989399     0.00465219
1.00000000     0.00000000
