section 5 of Wing_1
1.00000000     0.00000000
0.97929372     0.00035175
0.95859399     -0.00032538
0.93793081     -0.00173919
0.91730957     -0.00367470
0.89672728     -0.00598990
0.87617942     -0.00859355
0.85566056     -0.01141699
0.83516357     -0.01439530
0.81468292     -0.01748405
0.79421288     -0.02064250
0.77374920     -0.02384189
0.75328611     -0.02704508
0.73281970     -0.03022696
0.71234398     -0.03334836
0.69185711     -0.03639558
0.67135447     -0.03933478
0.65083567     -0.04215892
0.63029866     -0.04484740
0.60974360     -0.04739419
0.58916722     -0.04976256
0.56857299     -0.05196980
0.54796004     -0.05399508
0.52732916     -0.05582878
0.50668072     -0.05745252
0.48601738     -0.05887416
0.46534031     -0.06007970
0.44465106     -0.06105362
0.42395253     -0.06180487
0.40324624     -0.06229891
0.38253555     -0.06254280
0.36182343     -0.06253216
0.34111325     -0.06224762
0.32040859     -0.06169233
0.29971366     -0.06084785
0.27903279     -0.05971086
0.25837068     -0.05827286
0.23773208     -0.05652999
0.21712145     -0.05448282
0.19654608     -0.05210709
0.17601010     -0.04941204
0.15551966     -0.04639019
0.13508219     -0.04302897
0.11470135     -0.03933989
0.09438565     -0.03530763
0.07415064     -0.03088854
0.05402110     -0.02601316
0.03407914     -0.02042414
0.01464094     -0.01331134
0.00000000     0.00000000
0.01289402     0.01498950
0.03202203     0.02278934
0.05200000     0.02814542
0.07227122     0.03227303
0.09268577     0.03562585
0.11318452     0.03842137
0.13373918     0.04077214
0.15433126     0.04276977
0.17495119     0.04445733
0.19559107     0.04587981
0.21624565     0.04707134
0.23691134     0.04805079
0.25758521     0.04883967
0.27826529     0.04944463
0.29894975     0.04987365
0.31963708     0.05013191
0.34032579     0.05022594
0.36101466     0.05017245
0.38170258     0.04996678
0.40238853     0.04961396
0.42307213     0.04914420
0.44375237     0.04854323
0.46442960     0.04784676
0.48510294     0.04704262
0.50577248     0.04614628
0.52643805     0.04516249
0.54709964     0.04409843
0.56775668     0.04294960
0.58840852     0.04171044
0.60905474     0.04038115
0.62969427     0.03895188
0.65032586     0.03741208
0.67094928     0.03576663
0.69156365     0.03401147
0.71216893     0.03215263
0.73276485     0.03019273
0.75335174     0.02814008
0.77393217     0.02602351
0.79450754     0.02385837
0.81507964     0.02166231
0.83565153     0.01946429
0.85622173     0.01725051
0.87679308     0.01504736
0.89736342     0.01283486
0.91792840     0.01057314
0.93848324     0.00822134
0.95902037     0.00571963
0.97952877     0.00299264
1.00000000     0.00000000
