section 16 of Wing
1.00161381     0.00035116
0.98152043     0.00489107
0.96106351     0.00735619
0.94047516     0.00825481
0.91986708     0.00800429
0.89928454     0.00693397
0.87874037     0.00527802
0.85823409     0.00320160
0.83776064     0.00082222
0.81731356     -0.00177470
0.79688444     -0.00450955
0.77646665     -0.00732792
0.75605392     -0.01018281
0.73564121     -0.01303770
0.71522012     -0.01583213
0.69478938     -0.01855489
0.67434397     -0.02116522
0.65388200     -0.02364220
0.63340174     -0.02596279
0.61290386     -0.02812237
0.59238733     -0.03009672
0.57185406     -0.03188903
0.55130568     -0.03349840
0.53074391     -0.03492696
0.51017026     -0.03617273
0.48958694     -0.03724688
0.46899564     -0.03815575
0.44839814     -0.03891107
0.42779555     -0.03951187
0.40718902     -0.03995725
0.38657990     -0.04026046
0.36596907     -0.04040730
0.34535773     -0.04040116
0.32474698     -0.04024351
0.30413818     -0.03991869
0.28353269     -0.03942736
0.26293193     -0.03876723
0.24233786     -0.03792393
0.22175093     -0.03692158
0.20117388     -0.03573340
0.18060724     -0.03437664
0.16005288     -0.03284498
0.13951334     -0.03112649
0.11899073     -0.02921628
0.09849327     -0.02705393
0.07803238     -0.02457103
0.05763945     -0.02158390
0.03739554     -0.01772349
0.01759647     -0.01205385
0.00237193     0.00032082
0.01560653     0.01495010
0.03499333     0.02211846
0.05510714     0.02699026
0.07544645     0.03082925
0.09589038     0.03406930
0.11639676     0.03688879
0.13694689     0.03937025
0.15752946     0.04156642
0.17813616     0.04352398
0.19876266     0.04526087
0.21940371     0.04681572
0.24005655     0.04820524
0.26071878     0.04944764
0.28138902     0.05054842
0.30206584     0.05151842
0.32274833     0.05235901
0.34343593     0.05306238
0.36412741     0.05363973
0.38482233     0.05407879
0.40551951     0.05439137
0.42621827     0.05457128
0.44691774     0.05463603
0.46761720     0.05457234
0.48831612     0.05440790
0.50901385     0.05413218
0.52971002     0.05375628
0.55040384     0.05326863
0.57109503     0.05267955
0.59178256     0.05197414
0.61246514     0.05113618
0.63314117     0.05015012
0.65380894     0.04900381
0.67446553     0.04767135
0.69510871     0.04614523
0.71573594     0.04441707
0.73634475     0.04248177
0.75693506     0.04035833
0.77750597     0.03805420
0.79805970     0.03560160
0.81860067     0.03304413
0.83913191     0.03040956
0.85965643     0.02772312
0.88017543     0.02499485
0.90068422     0.02219108
0.92117013     0.01922529
0.94160124     0.01590482
0.96191866     0.01195291
0.98199812     0.00693846
1.00161381     0.00035116
