section 18 of Wing
1.00000000     0.00000000
0.97981782     0.00422166
0.95932793     0.00656287
0.93872283     0.00748479
0.91809612     0.00735092
0.89748795     0.00644737
0.87691262     0.00497039
0.85637269     0.00306075
0.83586524     0.00082771
0.81538405     -0.00163471
0.79492256     -0.00425632
0.77447560     -0.00698907
0.75403412     -0.00976266
0.73359448     -0.01254980
0.71315070     -0.01530633
0.69269756     -0.01799254
0.67223267     -0.02058747
0.65175244     -0.02305852
0.63125589     -0.02539012
0.61074312     -0.02757428
0.59021362     -0.02959526
0.56966850     -0.03145032
0.54910806     -0.03312748
0.52853421     -0.03463134
0.50794788     -0.03595309
0.48735124     -0.03710316
0.46674589     -0.03808505
0.44613314     -0.03889702
0.42551438     -0.03953853
0.40489136     -0.04002415
0.38426520     -0.04035022
0.36363721     -0.04052728
0.34300848     -0.04055305
0.32238014     -0.04042320
0.30175318     -0.04015394
0.28112880     -0.03972920
0.26050827     -0.03914752
0.23989252     -0.03841531
0.21928423     -0.03749771
0.19868441     -0.03640675
0.17809606     -0.03511660
0.15752185     -0.03361818
0.13696573     -0.03188911
0.11643222     -0.02991014
0.09592537     -0.02767238
0.07545732     -0.02510405
0.05505318     -0.02207278
0.03478085     -0.01826789
0.01494562     -0.01266544
0.00000000     0.00000000
0.01372300     0.01415364
0.03321412     0.02104857
0.05334878     0.02583764
0.07369190     0.02965917
0.09413702     0.03289458
0.11464336     0.03571759
0.13519455     0.03819352
0.15577877     0.04037816
0.17638766     0.04231730
0.19701556     0.04404216
0.21765855     0.04557685
0.23831215     0.04696131
0.25897582     0.04818662
0.27964640     0.04928917
0.30032349     0.05026162
0.32100603     0.05111107
0.34169340     0.05183258
0.36238450     0.05243892
0.38307911     0.05290958
0.40377614     0.05325858
0.42447491     0.05348233
0.44517459     0.05359298
0.46587455     0.05358544
0.48657420     0.05346769
0.50727296     0.05324411
0.52797028     0.05291148
0.54866555     0.05247040
0.56935798     0.05191187
0.59004688     0.05123475
0.61073032     0.05040801
0.63140784     0.04944490
0.65207628     0.04830347
0.67273462     0.04699172
0.69337964     0.04548518
0.71400952     0.04378374
0.73462261     0.04188966
0.75521793     0.03981085
0.77579526     0.03756122
0.79635773     0.03517927
0.81690475     0.03266744
0.83744169     0.03007446
0.85796773     0.02739653
0.87848183     0.02462872
0.89897930     0.02174060
0.91944622     0.01864432
0.93985325     0.01517692
0.96015236     0.01112839
0.98025171     0.00618841
1.00000000     0.00000000
