section 6 of Wing
1.00000000     0.00000000
0.97939770     0.00167033
0.95872382     0.00172520
0.93807371     0.00069318
0.91747300     -0.00108025
0.89692049     -0.00334739
0.87640732     -0.00594785
0.85592481     -0.00878076
0.83546521     -0.01177463
0.81502205     -0.01487892
0.79458856     -0.01804638
0.77415927     -0.02124082
0.75372753     -0.02441953
0.73329288     -0.02757943
0.71284765     -0.03067013
0.69238894     -0.03367023
0.67191488     -0.03656361
0.65142159     -0.03931752
0.63090901     -0.04192371
0.61037569     -0.04436100
0.58982066     -0.04660764
0.56924602     -0.04866708
0.54865231     -0.05052605
0.52804079     -0.05217592
0.50741321     -0.05361093
0.48677156     -0.05482698
0.46611811     -0.05582222
0.44545519     -0.05659727
0.42478492     -0.05714112
0.40410974     -0.05744639
0.38343253     -0.05753594
0.36275571     -0.05737924
0.34208191     -0.05699308
0.32141397     -0.05636636
0.30075502     -0.05549213
0.28010830     -0.05436604
0.25947629     -0.05299689
0.23886400     -0.05135724
0.21827456     -0.04945229
0.19771112     -0.04728470
0.17718012     -0.04482881
0.15668463     -0.04209202
0.13622963     -0.03906765
0.11581819     -0.03576204
0.09545873     -0.03215022
0.07515655     -0.02822971
0.05493661     -0.02390595
0.03486450     -0.01894562
0.01520932     -0.01256345
0.00000000     0.00000000
0.01311697     0.01474169
0.03240812     0.02212490
0.05246540     0.02717012
0.07277307     0.03110445
0.09319899     0.03437421
0.11369763     0.03715356
0.13424600     0.03953848
0.15483002     0.04159375
0.17544025     0.04336746
0.19607048     0.04489194
0.21671538     0.04620285
0.23737123     0.04732860
0.25803614     0.04827373
0.27870772     0.04906019
0.29938472     0.04968785
0.32006562     0.05017070
0.34074955     0.05049809
0.36143530     0.05067869
0.38212181     0.05070827
0.40280801     0.05058859
0.42349294     0.05033156
0.44417588     0.04994487
0.46485598     0.04942886
0.48553292     0.04879799
0.50620626     0.04805855
0.52687605     0.04722573
0.54754122     0.04628530
0.56820244     0.04526173
0.58885867     0.04414209
0.60950957     0.04292806
0.63015324     0.04159699
0.65078961     0.04015690
0.67141703     0.03859422
0.69203406     0.03689962
0.71263999     0.03507517
0.73323391     0.03311975
0.75381694     0.03105283
0.77438934     0.02888257
0.79495394     0.02663952
0.81551366     0.02435211
0.83607140     0.02204698
0.85662993     0.01974886
0.87718977     0.01746251
0.89775047     0.01518390
0.91830538     0.01285384
0.93884238     0.01037144
0.95933756     0.00756720
0.97974967     0.00421504
1.00000000     0.00000000
