section 1 of Vtail
1.00000000     0.00000000
0.95777126     0.00715899
0.91549319     0.01402070
0.87316972     0.02059663
0.83080377     0.02689306
0.78839734     0.03291076
0.74595160     0.03864470
0.70346707     0.04408367
0.66094368     0.04920983
0.61838095     0.05399825
0.57577819     0.05841612
0.53313475     0.06242197
0.49045037     0.06596440
0.44772565     0.06898054
0.40496273     0.07139371
0.36216633     0.07311021
0.31934526     0.07401435
0.27651500     0.07396060
0.23370200     0.07276049
0.19095210     0.07015884
0.14834852     0.06578630
0.10605780     0.05905130
0.06448164     0.04884027
0.02504260     0.03237438
0.00000000     0.00000000
0.02504260     -0.03237438
0.06448164     -0.04884027
0.10605780     -0.05905130
0.14834852     -0.06578630
0.19095210     -0.07015884
0.23370200     -0.07276049
0.27651500     -0.07396060
0.31934526     -0.07401435
0.36216633     -0.07311021
0.40496273     -0.07139371
0.44772565     -0.06898054
0.49045037     -0.06596440
0.53313475     -0.06242197
0.57577819     -0.05841612
0.61838095     -0.05399825
0.66094368     -0.04920983
0.70346707     -0.04408367
0.74595160     -0.03864470
0.78839734     -0.03291076
0.83080377     -0.02689306
0.87316972     -0.02059663
0.91549319     -0.01402070
0.95777126     -0.00715899
1.00000000     0.00000000
