section 7 of Wing_1
1.00000000     0.00000000
0.97952294     0.00265658
0.95888167     0.00339184
0.93823278     0.00281128
0.91762612     0.00135073
0.89706991     -0.00070717
0.87655740     -0.00316403
0.85608093     -0.00590605
0.83563106     -0.00884038
0.81520098     -0.01190966
0.79478256     -0.01505571
0.77437307     -0.01825922
0.75396383     -0.02146429
0.73355050     -0.02464324
0.71312668     -0.02775401
0.69269102     -0.03078579
0.67223648     -0.03368761
0.65176240     -0.03644797
0.63126662     -0.03904210
0.61074765     -0.04144606
0.59020658     -0.04365316
0.56964339     -0.04564322
0.54906059     -0.04741932
0.52845986     -0.04897330
0.50784315     -0.05029930
0.48721320     -0.05139957
0.46657227     -0.05227039
0.44592332     -0.05292256
0.42526847     -0.05335072
0.40461039     -0.05357254
0.38395113     -0.05356643
0.36329289     -0.05335763
0.34263805     -0.05292898
0.32198880     -0.05228530
0.30134716     -0.05143191
0.28071547     -0.05036455
0.26009635     -0.04907704
0.23949280     -0.04756143
0.21890671     -0.04582427
0.19834302     -0.04383904
0.17780393     -0.04161413
0.15729379     -0.03913690
0.13681512     -0.03641163
0.11637171     -0.03343311
0.09596921     -0.03018642
0.07561331     -0.02665968
0.05532741     -0.02275108
0.03517327     -0.01821732
0.01540397     -0.01226007
0.00000000     0.00000000
0.01325294     0.01460247
0.03261919     0.02179616
0.05272068     0.02667329
0.07305334     0.03049047
0.09349711     0.03366380
0.11400549     0.03639032
0.13455930     0.03875015
0.15514491     0.04081486
0.17575502     0.04261962
0.19638275     0.04421095
0.21702437     0.04561056
0.23767656     0.04684511
0.25833787     0.04791620
0.27900589     0.04884871
0.29967960     0.04964543
0.32035875     0.05028591
0.34104178     0.05078528
0.36172802     0.05112657
0.38241611     0.05132591
0.40310511     0.05137285
0.42379397     0.05128182
0.44448169     0.05104586
0.46516778     0.05069535
0.48585115     0.05020910
0.50653169     0.04961530
0.52720943     0.04893038
0.54788294     0.04812772
0.56855296     0.04723986
0.58921835     0.04625009
0.60987809     0.04514847
0.63053085     0.04392345
0.65117581     0.04257315
0.67181118     0.04108373
0.69243458     0.03943665
0.71304532     0.03763856
0.73364310     0.03569727
0.75422687     0.03361277
0.77479893     0.03141547
0.79536067     0.02912338
0.81591692     0.02678264
0.83646879     0.02440369
0.85702139     0.02203100
0.87757415     0.01965972
0.89812546     0.01727598
0.91866594     0.01480102
0.93917714     0.01209562
0.95962601     0.00895648
0.97994146     0.00505187
1.00000000     0.00000000
