section 15 of Wing_1
1.00000000     0.00000000
0.97989511     0.00456046
0.95942255     0.00702871
0.93881800     0.00792289
0.91819398     0.00766749
0.89759562     0.00659342
0.87703554     0.00493591
0.85651327     0.00285869
0.83602386     0.00047817
0.81556082     -0.00211996
0.79511600     -0.00485809
0.77468258     -0.00768016
0.75425422     -0.01053871
0.73382614     -0.01339920
0.71338953     -0.01619804
0.69294331     -0.01892570
0.67248220     -0.02153935
0.65200441     -0.02401872
0.63150824     -0.02634088
0.61099460     -0.02850346
0.59046209     -0.03047866
0.56991288     -0.03227216
0.54934862     -0.03388369
0.52877093     -0.03531388
0.50818140     -0.03656179
0.48758217     -0.03763797
0.46697495     -0.03854872
0.44636151     -0.03930578
0.42574298     -0.03990824
0.40512044     -0.04035336
0.38449533     -0.04065614
0.36386849     -0.04080081
0.34324117     -0.04079158
0.32261446     -0.04062929
0.30198975     -0.04029936
0.28136839     -0.03980279
0.26075178     -0.03913822
0.24014190     -0.03829030
0.21953910     -0.03728516
0.19894620     -0.03609406
0.17836362     -0.03473592
0.15779338     -0.03320217
0.13723788     -0.03148276
0.11669942     -0.02957035
0.09618615     -0.02740544
0.07570949     -0.02491979
0.05530070     -0.02193053
0.03504094     -0.01806774
0.01522640     -0.01239431
0.00000000     0.00000000
0.01324467     0.01464285
0.03264192     0.02182832
0.05276946     0.02671030
0.07312438     0.03055158
0.09358445     0.03379047
0.11410688     0.03660901
0.13467285     0.03909086
0.15527107     0.04128906
0.17589326     0.04325034
0.19653521     0.04499172
0.21719163     0.04655241
0.23785996     0.04794670
0.25853782     0.04919183
0.27922371     0.05029531
0.29991631     0.05126552
0.32061457     0.05210639
0.34131802     0.05280747
0.36202533     0.05338317
0.38273606     0.05382044
0.40344905     0.05413043
0.42416359     0.05430910
0.44487884     0.05437218
0.46559407     0.05430685
0.48630874     0.05414064
0.50702222     0.05386301
0.52773412     0.05348446
0.54844360     0.05299182
0.56915042     0.05239811
0.58985354     0.05168692
0.61055158     0.05084090
0.63124307     0.04984784
0.65192616     0.04869302
0.67259803     0.04735256
0.69325646     0.04581874
0.71389885     0.04408263
0.73452288     0.04214090
0.75512856     0.04001267
0.77571475     0.03770323
0.79628389     0.03524673
0.81684030     0.03268560
0.83738692     0.03004702
0.85792688     0.02735697
0.87846145     0.02462613
0.89898606     0.02182171
0.91948818     0.01885780
0.93993591     0.01554117
0.96027081     0.01159651
0.98036815     0.00658857
1.00000000     0.00000000
