section 14 of Wing_1
1.00000000     0.00000000
0.97985854     0.00440111
0.95937491     0.00678115
0.93876831     0.00764157
0.91814371     0.00741016
0.89754296     0.00637630
0.87697935     0.00475852
0.85645356     0.00271421
0.83595998     0.00036730
0.81549524     -0.00221965
0.79505079     -0.00496247
0.77462083     -0.00781133
0.75419610     -0.01069758
0.73377296     -0.01359510
0.71334258     -0.01644101
0.69290294     -0.01921957
0.67244840     -0.02188622
0.65197629     -0.02441416
0.63148635     -0.02679330
0.61097777     -0.02900590
0.59044897     -0.03102219
0.56990361     -0.03286210
0.54934163     -0.03450580
0.52876600     -0.03596910
0.50817772     -0.03724156
0.48757937     -0.03833973
0.46697260     -0.03926622
0.44635874     -0.04001880
0.42573962     -0.04061114
0.40511643     -0.04103731
0.38449061     -0.04130935
0.36386330     -0.04141535
0.34323576     -0.04136145
0.32260925     -0.04114902
0.30198513     -0.04076979
0.28136482     -0.04022241
0.26074970     -0.03950463
0.24014134     -0.03861429
0.21954102     -0.03755375
0.19894980     -0.03632936
0.17837021     -0.03492276
0.15780263     -0.03335040
0.13725029     -0.03159026
0.11671677     -0.02962274
0.09620728     -0.02741935
0.07573674     -0.02488058
0.05533214     -0.02186060
0.03507200     -0.01799833
0.01524571     -0.01236373
0.00000000     0.00000000
0.01315992     0.01471116
0.03256146     0.02188187
0.05269487     0.02674108
0.07305149     0.03057625
0.09351174     0.03381693
0.11403251     0.03665053
0.13459715     0.03914646
0.15519462     0.04135600
0.17581780     0.04331129
0.19645989     0.04505588
0.21711731     0.04660874
0.23778586     0.04800575
0.25846397     0.04925349
0.27914924     0.05037667
0.29984169     0.05135875
0.32053896     0.05223285
0.34124192     0.05296053
0.36194880     0.05356557
0.38265910     0.05404057
0.40337218     0.05437090
0.42408694     0.05456928
0.44480254     0.05463825
0.46551822     0.05458567
0.48623312     0.05439968
0.50694675     0.05410531
0.52765839     0.05369361
0.54836773     0.05317814
0.56907348     0.05253546
0.58977560     0.05178438
0.61047186     0.05088649
0.63116120     0.04984158
0.65184171     0.04863444
0.67251050     0.04724126
0.69316489     0.04564895
0.71380301     0.04385811
0.73442163     0.04185486
0.75501979     0.03965115
0.77559819     0.03727002
0.79615976     0.03474745
0.81670864     0.03212341
0.83724860     0.02943032
0.85778457     0.02670688
0.87831914     0.02397296
0.89884891     0.02120332
0.91936240     0.01831602
0.93982963     0.01511902
0.96019236     0.01131874
0.98032784     0.00646565
1.00000000     0.00000000
