section 9 of Wing_1
1.00000000     0.00000000
0.97961455     0.00323162
0.95901448     0.00458624
0.93836737     0.00457141
0.91774250     0.00358862
0.89716061     0.00192660
0.87662388     -0.00022677
0.85612757     -0.00273729
0.83566317     -0.00549629
0.81522431     -0.00843902
0.79480275     -0.01149976
0.77439249     -0.01463492
0.75398543     -0.01779093
0.73357697     -0.02093785
0.71316101     -0.02403574
0.69273171     -0.02704432
0.67228713     -0.02994711
0.65182275     -0.03270678
0.63133823     -0.03531261
0.61083116     -0.03773450
0.59030178     -0.03995942
0.56975063     -0.04197322
0.54918053     -0.04378290
0.52859099     -0.04535632
0.50798591     -0.04671019
0.48736757     -0.04784538
0.46673780     -0.04874916
0.44609958     -0.04943350
0.42545526     -0.04989898
0.40480725     -0.05014990
0.38415773     -0.05019818
0.36350874     -0.05003972
0.34286236     -0.04967743
0.32222017     -0.04912433
0.30158440     -0.04836984
0.28095652     -0.04742347
0.26033875     -0.04627787
0.23973332     -0.04492834
0.21914305     -0.04336460
0.19856999     -0.04158884
0.17801717     -0.03959257
0.15748854     -0.03736114
0.13698641     -0.03489863
0.11651400     -0.03219991
0.09607715     -0.02924385
0.07568472     -0.02599589
0.05535803     -0.02236079
0.03516012     -0.01807365
0.01535382     -0.01227838
0.00000000     0.00000000
0.01324982     0.01460148
0.03265180     0.02171801
0.05277993     0.02651594
0.07312890     0.03028573
0.09358253     0.03344317
0.11409836     0.03616883
0.13465702     0.03855054
0.15524575     0.04065718
0.17585818     0.04251849
0.19648867     0.04416812
0.21713200     0.04564830
0.23778567     0.04697642
0.25844784     0.04816552
0.27911704     0.04922554
0.29979289     0.05014658
0.32047410     0.05093841
0.34116012     0.05159275
0.36185034     0.05209591
0.38254360     0.05245405
0.40323889     0.05266249
0.42393519     0.05271464
0.44463137     0.05263191
0.46532643     0.05239916
0.48601966     0.05203964
0.50671023     0.05154990
0.52739768     0.05094204
0.54808153     0.05022223
0.56876116     0.04939001
0.58943527     0.04843078
0.61010357     0.04735374
0.63076453     0.04614384
0.65141643     0.04478811
0.67205758     0.04327765
0.69268503     0.04159053
0.71329980     0.03975481
0.73389875     0.03774925
0.75448267     0.03559478
0.77505372     0.03332079
0.79561298     0.03094233
0.81616631     0.02851312
0.83671584     0.02605186
0.85726457     0.02358402
0.87781364     0.02111894
0.89835826     0.01861715
0.91889014     0.01601352
0.93938540     0.01313739
0.95980272     0.00975598
0.98005913     0.00552268
1.00000000     0.00000000
