section 19 of Wing
1.00000000     0.00000000
0.97973947     0.00380162
0.95923689     0.00596861
0.93863794     0.00686867
0.91801849     0.00679555
0.89741371     0.00599901
0.87683742     0.00464787
0.85629406     0.00286287
0.83577981     0.00076814
0.81529206     -0.00157185
0.79482484     -0.00408562
0.77437193     -0.00671341
0.75392829     -0.00941242
0.73348819     -0.01213820
0.71304649     -0.01485202
0.69259865     -0.01751901
0.67214019     -0.02010331
0.65166990     -0.02259199
0.63118416     -0.02495008
0.61068198     -0.02716059
0.59016375     -0.02921663
0.56962905     -0.03110122
0.54907874     -0.03280694
0.52851443     -0.03433462
0.50793810     -0.03569086
0.48735064     -0.03686657
0.46675419     -0.03787226
0.44615063     -0.03872008
0.42554074     -0.03939687
0.40492653     -0.03992669
0.38430885     -0.04029648
0.36368901     -0.04051493
0.34306811     -0.04058068
0.32244729     -0.04049543
0.30182781     -0.04024625
0.28121098     -0.03983208
0.26059818     -0.03925082
0.23999131     -0.03848833
0.21939213     -0.03754024
0.19880284     -0.03639748
0.17822475     -0.03506842
0.15766122     -0.03353024
0.13711409     -0.03178702
0.11658757     -0.02981606
0.09608820     -0.02758111
0.07562750     -0.02501740
0.05523406     -0.02196741
0.03498239     -0.01809669
0.01517084     -0.01243572
0.00000000     0.00000000
0.01383361     0.01400132
0.03339396     0.02068390
0.05355301     0.02534839
0.07389514     0.02914745
0.09432776     0.03242762
0.11482284     0.03529322
0.13536429     0.03780509
0.15594080     0.04001230
0.17654573     0.04193665
0.19717038     0.04363697
0.21781032     0.04514086
0.23846153     0.04648125
0.25912069     0.04769339
0.27978665     0.04878369
0.30045819     0.04976221
0.32113426     0.05063986
0.34181488     0.05140324
0.36249974     0.05204127
0.38318781     0.05256454
0.40387872     0.05296052
0.42457167     0.05322872
0.44526591     0.05336659
0.46596060     0.05338088
0.48665507     0.05328367
0.50734855     0.05305943
0.52804070     0.05273574
0.54873102     0.05231010
0.56941847     0.05176225
0.59010215     0.05108759
0.61078144     0.05028951
0.63145453     0.04934458
0.65211921     0.04823148
0.67277339     0.04693758
0.69341423     0.04544661
0.71403912     0.04374852
0.73464544     0.04183899
0.75523399     0.03974607
0.77580150     0.03745551
0.79635256     0.03502154
0.81688819     0.03246061
0.83741113     0.02979972
0.85792628     0.02707945
0.87843168     0.02428661
0.89892272     0.02139049
0.91938690     0.01831103
0.93979893     0.01490404
0.96010768     0.01093101
0.98022339     0.00608025
1.00000000     0.00000000
