section 3 of Htail_1
0.99778747     -0.00046988
0.97676596     -0.00274053
0.95573924     -0.00496251
0.93470757     -0.00713708
0.91367115     -0.00926531
0.89263019     -0.01134806
0.87158484     -0.01338599
0.85053523     -0.01537955
0.82948150     -0.01732897
0.80842372     -0.01923426
0.78736198     -0.02109522
0.76629633     -0.02291140
0.74522682     -0.02468214
0.72415345     -0.02640651
0.70307626     -0.02808335
0.68199522     -0.02971125
0.66091034     -0.03128851
0.63982160     -0.03281333
0.61872900     -0.03428371
0.59763250     -0.03569712
0.57653208     -0.03705066
0.55542771     -0.03834114
0.53431937     -0.03956499
0.51320706     -0.04071826
0.49209078     -0.04179659
0.47097059     -0.04279519
0.44984656     -0.04370874
0.42871879     -0.04453143
0.40758745     -0.04525681
0.38645280     -0.04587778
0.36531515     -0.04638647
0.34417493     -0.04677411
0.32303273     -0.04703091
0.30188929     -0.04714585
0.28074558     -0.04710644
0.25960286     -0.04689836
0.23846280     -0.04650505
0.21732755     -0.04590704
0.19620001     -0.04508105
0.17508408     -0.04399867
0.15398519     -0.04262430
0.13291111     -0.04091190
0.11187349     -0.03879940
0.09089085     -0.03619866
0.06999524     -0.03297526
0.04924953     -0.02890255
0.02880473     -0.02353371
0.00919734     -0.01570283
-0.00411363    -0.00053441
0.00919685     0.01463213
0.02880590     0.02245726
0.04925173     0.02781991
0.06999805     0.03188652
0.09089398     0.03510402
0.11187674     0.03769913
0.13291431     0.03980628
0.15398821     0.04151365
0.17508683     0.04288328
0.19620241     0.04396125
0.21732953     0.04478315
0.23846431     0.04537739
0.25960386     0.04576725
0.28074602     0.04597221
0.30188916     0.04600882
0.32303201     0.04589141
0.34417361     0.04563246
0.36531321     0.04524300
0.38645025     0.04473282
0.40758429     0.04411067
0.42871501     0.04338445
0.44984218     0.04256124
0.47096563     0.04164749
0.49208525     0.04064902
0.51320097     0.03957114
0.53431274     0.03841863
0.55542056     0.03719588
0.57652444     0.03590681
0.59762440     0.03455500
0.61872045     0.03314365
0.63981264     0.03167563
0.66090099     0.03015351
0.68198556     0.02857982
0.70306638     0.02695665
0.72414346     0.02528568
0.74521682     0.02356834
0.76628644     0.02180578
0.78735231     0.01999892
0.80841439     0.01814844
0.82947263     0.01625478
0.85052697     0.01431814
0.87157730     0.01233850
0.89262353     0.01031565
0.91366551     0.00824913
0.93470309     0.00613828
0.95573609     0.00398224
0.97676430     0.00177994
0.99778747     -0.00046988
