section 4 of Htail
0.99781283     -0.00056679
0.97683076     -0.00272665
0.95584318     -0.00483223
0.93485033     -0.00688466
0.91385243     -0.00888486
0.89284970     -0.01083360
0.87184231     -0.01273144
0.85083042     -0.01457878
0.82981417     -0.01637584
0.80879368     -0.01812264
0.78776906     -0.01981899
0.76674040     -0.02146454
0.74570779     -0.02305871
0.72467129     -0.02460072
0.70363096     -0.02608958
0.68258685     -0.02752407
0.66153901     -0.02890276
0.64048766     -0.03022672
0.61943319     -0.03150019
0.59837562     -0.03272115
0.57731493     -0.03388715
0.55625112     -0.03499544
0.53518421     -0.03604295
0.51411421     -0.03702631
0.49304114     -0.03794179
0.47196508     -0.03878527
0.45088609     -0.03955222
0.42980429     -0.04023764
0.40871985     -0.04083604
0.38763297     -0.04134133
0.36654394     -0.04174679
0.34545313     -0.04204494
0.32436100     -0.04222740
0.30326816     -0.04228477
0.28217540     -0.04220640
0.26108371     -0.04198008
0.23999439     -0.04159170
0.21890914     -0.04102467
0.19783017     -0.04025918
0.17676049     -0.03927108
0.15570422     -0.03803013
0.13466725     -0.03649725
0.11365830     -0.03461985
0.09269118     -0.03232335
0.07178957     -0.02949423
0.05099953     -0.02594135
0.03043050     -0.02128800
0.01046839     -0.01454083
-0.00408149    -0.00071529
0.01058393     0.01296819
0.03059496     0.01952808
0.05119222     0.02399500
0.07199957     0.02736611
0.09291136     0.03001919
0.11388353     0.03214583
0.13489361     0.03385977
0.15592862     0.03523571
0.17698040     0.03632632
0.19804352     0.03717074
0.21911421     0.03779923
0.24018977     0.03823598
0.26126820     0.03850081
0.28234802     0.03861033
0.30342811     0.03857866
0.32450761     0.03841800
0.34558589     0.03813904
0.36666245     0.03775116
0.38773692     0.03726275
0.40880903     0.03668129
0.42987858     0.03601352
0.45094544     0.03526550
0.47200952     0.03444275
0.49307075     0.03355026
0.51412913     0.03259255
0.53518463     0.03157375
0.55623729     0.03049759
0.57728711     0.02936745
0.59833414     0.02818638
0.61937841     0.02695714
0.64041997     0.02568219
0.66145885     0.02436390
0.68249550     0.02301038
0.70353014     0.02162605
0.72456283     0.02021237
0.74559361     0.01877055
0.76662251     0.01730159
0.78764955     0.01580628
0.80867475     0.01428519
0.82969809     0.01273868
0.85071956     0.01116695
0.87173913     0.00956996
0.89275674     0.00794750
0.91377235     0.00629920
0.93478586     0.00462446
0.95579719     0.00292253
0.97680623     0.00119248
0.99781283     -0.00056679
