section 10 of Wing_1
1.00000000     0.00000000
0.97968844     0.00364649
0.95912032     0.00538200
0.93847913     0.00571287
0.91784485     0.00503953
0.89724683     0.00363379
0.87669232     0.00168984
0.85617967     -0.00065657
0.83570248     -0.00329572
0.81525526     -0.00615793
0.79482898     -0.00916644
0.77441741     -0.01227344
0.75401296     -0.01542687
0.73360867     -0.01858132
0.71319629     -0.02168289
0.69277299     -0.02471157
0.67233272     -0.02762361
0.65187294     -0.03039506
0.63139141     -0.03300083
0.61088745     -0.03542370
0.59036117     -0.03764964
0.56981314     -0.03966467
0.54924639     -0.04147880
0.52866047     -0.04306007
0.50805961     -0.04443364
0.48744474     -0.04557790
0.46681898     -0.04650529
0.44618464     -0.04721556
0.42554417     -0.04771837
0.40489957     -0.04800628
0.38425317     -0.04809378
0.36360684     -0.04798430
0.34296257     -0.04767386
0.32232190     -0.04717857
0.30168630     -0.04650357
0.28105789     -0.04563628
0.26043764     -0.04459265
0.23982802     -0.04335708
0.21923138     -0.04192171
0.19864886     -0.04029666
0.17808483     -0.03845188
0.15754194     -0.03638533
0.13702293     -0.03409391
0.11653349     -0.03155160
0.09607726     -0.02875492
0.07566225     -0.02567205
0.05531113     -0.02219384
0.03508501     -0.01805649
0.01525335     -0.01236375
0.00000000     0.00000000
0.01342806     0.01443022
0.03287253     0.02142961
0.05301534     0.02616258
0.07337532     0.02986786
0.09383623     0.03297172
0.11435480     0.03567016
0.13491475     0.03803320
0.15550307     0.04013490
0.17611291     0.04201477
0.19674008     0.04369426
0.21737984     0.04521134
0.23803032     0.04657494
0.25868869     0.04781339
0.27935395     0.04893063
0.30002597     0.04991538
0.32070359     0.05077398
0.34138599     0.05150872
0.36207272     0.05210912
0.38276307     0.05256920
0.40345609     0.05288503
0.42415079     0.05306180
0.44484619     0.05310061
0.46554137     0.05299731
0.48623544     0.05275645
0.50692774     0.05239646
0.52761730     0.05190224
0.54830344     0.05128173
0.56898533     0.05053239
0.58966196     0.04965016
0.61033200     0.04862472
0.63099406     0.04744982
0.65164629     0.04611315
0.67228654     0.04460300
0.69291269     0.04291133
0.71352358     0.04104265
0.73411822     0.03900276
0.75469636     0.03680248
0.77525848     0.03445693
0.79580944     0.03201553
0.81635137     0.02949914
0.83688929     0.02695025
0.85742577     0.02438981
0.87796244     0.02183083
0.89849592     0.01924648
0.91901542     0.01655370
0.93949819     0.01359631
0.95989850     0.01011914
0.98012292     0.00574146
1.00000000     0.00000000
