section 1 of Htail
1.00000000     0.00000000
0.97901623     -0.00227031
0.95802729     -0.00449232
0.93703343     -0.00666729
0.91603485     -0.00879629
0.89503175     -0.01088019
0.87402428     -0.01291965
0.85301260     -0.01491512
0.83199680     -0.01686683
0.81097699     -0.01877480
0.78995323     -0.02063882
0.76892558     -0.02245844
0.74789409     -0.02423298
0.72685876     -0.02596153
0.70581961     -0.02764292
0.68477663     -0.02927571
0.66372981     -0.03085822
0.64267913     -0.03238847
0.62162456     -0.03386420
0.60056606     -0.03528284
0.57950362     -0.03664150
0.55843718     -0.03793697
0.53736676     -0.03916566
0.51629232     -0.04032359
0.49521389     -0.04140640
0.47413151     -0.04240925
0.45304525     -0.04332682
0.43195522     -0.04415324
0.41086159     -0.04488206
0.38976461     -0.04550613
0.36866460     -0.04601753
0.34756200     -0.04640746
0.32645739     -0.04666607
0.30535152     -0.04678228
0.28424538     -0.04674353
0.26314023     -0.04653545
0.24203775     -0.04614137
0.22094013     -0.04554171
0.19985029     -0.04471308
0.17877217     -0.04362692
0.15771126     -0.04224742
0.13667543     -0.04052828
0.11567644     -0.03840711
0.09473305     -0.03579524
0.07387768     -0.03255749
0.05317401     -0.02846589
0.03277499     -0.02307104
0.01322421     -0.01520108
0.00000000     0.00000000
0.01322421     0.01520108
0.03277499     0.02307104
0.05317401     0.02846589
0.07387768     0.03255749
0.09473305     0.03579524
0.11567644     0.03840711
0.13667543     0.04052828
0.15771126     0.04224742
0.17877217     0.04362692
0.19985029     0.04471308
0.22094013     0.04554171
0.24203775     0.04614137
0.26314023     0.04653545
0.28424538     0.04674353
0.30535152     0.04678228
0.32645739     0.04666607
0.34756200     0.04640746
0.36866460     0.04601753
0.38976461     0.04550613
0.41086159     0.04488206
0.43195522     0.04415324
0.45304525     0.04332682
0.47413151     0.04240925
0.49521389     0.04140640
0.51629232     0.04032359
0.53736676     0.03916566
0.55843718     0.03793697
0.57950362     0.03664150
0.60056606     0.03528284
0.62162456     0.03386420
0.64267913     0.03238847
0.66372981     0.03085822
0.68477663     0.02927571
0.70581961     0.02764292
0.72685876     0.02596153
0.74789409     0.02423298
0.76892558     0.02245844
0.78995323     0.02063882
0.81097699     0.01877480
0.83199680     0.01686683
0.85301260     0.01491512
0.87402428     0.01291965
0.89503175     0.01088019
0.91603485     0.00879629
0.93703343     0.00666729
0.95802729     0.00449232
0.97901623     0.00227031
1.00000000     0.00000000
