section 4 of Wing_1
1.00000000     0.00000000
0.97924443     -0.00029941
0.95851409     -0.00137197
0.93782592     -0.00307921
0.91718411     -0.00528024
0.89658701     -0.00786740
0.87602493     -0.01072011
0.85549023     -0.01376439
0.83497483     -0.01693617
0.81447194     -0.02018798
0.79397602     -0.02348344
0.77348224     -0.02679224
0.75298526     -0.03008109
0.73248453     -0.03334652
0.71197385     -0.03654888
0.69145388     -0.03969103
0.67092156     -0.04275133
0.65037372     -0.04570579
0.62980955     -0.04854415
0.60922664     -0.05124321
0.58862537     -0.05379822
0.56800416     -0.05618688
0.54736382     -0.05840403
0.52670384     -0.06043038
0.50602567     -0.06226139
0.48532994     -0.06388140
0.46461843     -0.06528578
0.44389255     -0.06645891
0.42315471     -0.06739717
0.40240658     -0.06807001
0.38165158     -0.06847746
0.36089296     -0.06860247
0.34013481     -0.06841895
0.31938206     -0.06791163
0.29864002     -0.06707468
0.27791486     -0.06589081
0.25721350     -0.06434551
0.23654259     -0.06243642
0.21590772     -0.06017051
0.19531575     -0.05754279
0.17477102     -0.05456823
0.15428085     -0.05123863
0.13384921     -0.04756726
0.11348625     -0.04353258
0.09320856     -0.03908926
0.07304458     -0.03415638
0.05305249     -0.02857013
0.03334063     -0.02206920
0.01426849     -0.01390582
0.00000000     0.00000000
0.01197953     0.01580656
0.03090248     0.02413164
0.05082183     0.02979242
0.07106420     0.03417890
0.09146615     0.03775537
0.11197014     0.04069360
0.13254298     0.04310463
0.15316467     0.04505627
0.17381899     0.04662654
0.19449544     0.04787370
0.21518649     0.04884905
0.23588640     0.04961389
0.25659236     0.05019429
0.27730261     0.05059390
0.29801521     0.05084323
0.31872912     0.05093219
0.33944311     0.05086058
0.36015596     0.05063412
0.38086655     0.05025210
0.40157366     0.04971392
0.42227687     0.04904152
0.44297603     0.04825464
0.46367042     0.04735045
0.48436118     0.04636635
0.50504814     0.04530548
0.52573175     0.04418121
0.54641263     0.04300777
0.56709063     0.04178450
0.58776503     0.04050204
0.60843542     0.03915636
0.62910065     0.03773380
0.64975870     0.03621066
0.67040844     0.03457866
0.69104797     0.03282232
0.71167795     0.03095714
0.73229742     0.02897907
0.75290864     0.02691670
0.77351241     0.02478122
0.79411432     0.02262770
0.81471535     0.02046593
0.83532054     0.01834422
0.85592974     0.01626167
0.87654336     0.01422337
0.89715691     0.01218440
0.91776531     0.01009431
0.93835937     0.00786746
0.95893020     0.00543600
0.97947332     0.00278037
1.00000000     0.00000000
