section 16 of Wing_1
1.00159175     0.00034330
0.98147893     0.00479388
0.96102283     0.00725562
0.94043760     0.00818536
0.91983091     0.00796364
0.89924904     0.00691258
0.87870609     0.00526160
0.85820157     0.00318436
0.83772984     0.00080470
0.81728455     -0.00179301
0.79685579     -0.00451810
0.77643807     -0.00732470
0.75602543     -0.01016815
0.73561135     -0.01300115
0.71518981     -0.01577985
0.69475827     -0.01848397
0.67431319     -0.02108373
0.65385217     -0.02355465
0.63337330     -0.02587292
0.61287597     -0.02802180
0.59236114     -0.02999635
0.57182935     -0.03178622
0.55128196     -0.03338714
0.53072144     -0.03480946
0.51014887     -0.03604534
0.48956671     -0.03710964
0.46897665     -0.03800862
0.44838047     -0.03875431
0.42777926     -0.03934522
0.40717439     -0.03979045
0.38656694     -0.04009387
0.36595784     -0.04024965
0.34534817     -0.04025693
0.32473895     -0.04012034
0.30413147     -0.03981847
0.28352712     -0.03935019
0.26292745     -0.03870799
0.24233430     -0.03788289
0.22174866     -0.03688816
0.20117286     -0.03570747
0.18060800     -0.03434929
0.16005520     -0.03281923
0.13951777     -0.03109531
0.11899678     -0.02918576
0.09850080     -0.02702504
0.07804143     -0.02454348
0.05765083     -0.02155222
0.03741002     -0.01768542
0.01761411     -0.01200971
0.00233915     0.00031202
0.01557607     0.01492594
0.03498727     0.02202793
0.05511029     0.02686135
0.07544952     0.03070045
0.09589076     0.03395677
0.11639518     0.03678968
0.13694460     0.03927590
0.15752760     0.04146676
0.17813564     0.04340886
0.19876375     0.04512520
0.21940682     0.04665145
0.24006111     0.04801748
0.26072400     0.04924687
0.28139486     0.05033415
0.30207158     0.05130363
0.32275401     0.05214275
0.34344107     0.05285806
0.36413222     0.05344330
0.38482684     0.05389051
0.40552373     0.05421500
0.42622235     0.05439899
0.44692168     0.05446964
0.46762103     0.05441119
0.48831987     0.05425227
0.50901757     0.05398238
0.52971378     0.05361596
0.55040798     0.05314984
0.57109959     0.05258008
0.59178783     0.05189964
0.61247176     0.05109851
0.63314910     0.05014290
0.65381881     0.04903458
0.67447749     0.04773664
0.69512288     0.04624254
0.71575270     0.04454698
0.73636360     0.04263511
0.75695520     0.04052550
0.77752777     0.03823729
0.79808230     0.03579235
0.81862390     0.03324079
0.83915598     0.03061374
0.85968106     0.02793246
0.88019984     0.02520347
0.90070697     0.02238836
0.92118899     0.01939674
0.94161372     0.01603852
0.96191942     0.01202771
0.98198380     0.00695407
1.00159175     0.00034330
