section 22 of Wing_1
1.00169647     0.00048766
0.98121780     0.00265809
0.96064360     0.00359401
0.94004720     0.00363816
0.91945845     0.00305640
0.89888873     0.00199281
0.87834102     0.00056344
0.85781678     -0.00117212
0.83731380     -0.00314296
0.81683019     -0.00530659
0.79636247     -0.00761580
0.77590751     -0.01003566
0.75546013     -0.01251878
0.73501520     -0.01502203
0.71457116     -0.01753263
0.69412121     -0.01999448
0.67366500     -0.02240378
0.65319832     -0.02472229
0.63272080     -0.02694309
0.61223155     -0.02905268
0.59172979     -0.03103722
0.57121463     -0.03287804
0.55068828     -0.03458931
0.53014908     -0.03613884
0.50959948     -0.03754364
0.48903908     -0.03877992
0.46846960     -0.03985476
0.44789171     -0.04075485
0.42730661     -0.04147097
0.40671612     -0.04200902
0.38612155     -0.04235902
0.36552466     -0.04252182
0.34492714     -0.04249464
0.32433071     -0.04227868
0.30373703     -0.04187994
0.28314782     -0.04129457
0.26256439     -0.04053285
0.24198805     -0.03959829
0.22142095     -0.03847877
0.20086495     -0.03717101
0.18032110     -0.03568477
0.15979315     -0.03399301
0.13928401     -0.03208701
0.11879774     -0.02994924
0.09834064     -0.02754877
0.07792447     -0.02482316
0.05757357     -0.02164913
0.03735792     -0.01771346
0.01756648     -0.01206673
0.00248587     0.00042144
0.01805898     0.01237424
0.03787573     0.01799167
0.05805652     0.02216537
0.07836483     0.02567307
0.09874107     0.02876309
0.11916325     0.03153396
0.13962207     0.03402006
0.16011047     0.03624993
0.18062257     0.03825014
0.20115471     0.04003328
0.22170163     0.04163762
0.24226042     0.04308186
0.26282938     0.04437313
0.28340560     0.04554298
0.30398870     0.04658504
0.32457747     0.04750896
0.34517156     0.04830493
0.36576990     0.04898204
0.38637224     0.04952390
0.40697766     0.04993115
0.42758558     0.05018318
0.44819476     0.05029252
0.46880416     0.05024353
0.48941255     0.05003538
0.51001900     0.04968315
0.53062195     0.04916554
0.55122085     0.04850646
0.57181449     0.04769890
0.59240176     0.04674302
0.61298238     0.04565341
0.63355456     0.04441405
0.65411808     0.04303904
0.67467173     0.04152331
0.69521402     0.03986065
0.71574414     0.03805413
0.73626137     0.03610655
0.75676552     0.03402577
0.77725714     0.03182489
0.79773551     0.02950394
0.81820271     0.02708637
0.83866098     0.02459439
0.85911302     0.02205169
0.87956006     0.01946910
0.90000225     0.01684843
0.92043663     0.01416755
0.94085401     0.01136045
0.96123429     0.00829666
0.98154025     0.00477720
1.00169647     0.00048766
