section 5 of Htail_1
1.00000000     0.00000000
0.97905937     -0.00214617
0.95811323     -0.00423787
0.93716182     -0.00627618
0.91620538     -0.00826204
0.89524411     -0.01019618
0.87427817     -0.01207919
0.85330774     -0.01391146
0.83233296     -0.01569319
0.81135395     -0.01742440
0.79037082     -0.01910493
0.76938366     -0.02073441
0.74839255     -0.02231228
0.72739758     -0.02383776
0.70639880     -0.02530988
0.68539626     -0.02672742
0.66439002     -0.02808898
0.64338029     -0.02939575
0.62236751     -0.03065234
0.60135168     -0.03185679
0.58033278     -0.03300665
0.55931083     -0.03409922
0.53828584     -0.03513147
0.51725782     -0.03610006
0.49622680     -0.03700130
0.47519285     -0.03783112
0.45415604     -0.03858504
0.43311649     -0.03925813
0.41207435     -0.03984494
0.39102986     -0.04033947
0.36998327     -0.04073507
0.34893495     -0.04102433
0.32788538     -0.04119899
0.30683514     -0.04124976
0.28578502     -0.04116609
0.26473600     -0.04093593
0.24368935     -0.04054532
0.22264674     -0.03997787
0.20161036     -0.03921401
0.18058316     -0.03822986
0.15956920     -0.03699554
0.13857424     -0.03547243
0.11760687     -0.03360857
0.09668062     -0.03133027
0.07581874     -0.02852539
0.05506635     -0.02500512
0.03453064     -0.02039736
0.01458929     -0.01372060
-0.00000000    0.00000000
0.01471982     0.01356250
0.03471419     0.02003544
0.05528057     0.02444062
0.07605190     0.02776334
0.09692507     0.03037673
0.11785711     0.03247003
0.13882606     0.03415563
0.15981926     0.03550733
0.18082877     0.03657718
0.20184927     0.03740384
0.22287711     0.03801723
0.24390963     0.03844126
0.26494490     0.03869552
0.28598147     0.03879641
0.30701826     0.03875791
0.32805444     0.03859207
0.34908937     0.03830944
0.37012259     0.03791933
0.39115374     0.03743001
0.41218256     0.03684887
0.43320885     0.03618258
0.45423248     0.03543714
0.47525338     0.03461800
0.49627148     0.03373010
0.51728677     0.03277790
0.53829925     0.03176549
0.55930892     0.03069655
0.58031583     0.02957443
0.60132000     0.02840215
0.62232146     0.02718243
0.64332026     0.02591769
0.66431645     0.02461032
0.68531049     0.02326869
0.70630260     0.02189738
0.72729285     0.02049783
0.74828128     0.01907123
0.76926792     0.01761857
0.79025280     0.01614063
0.81123592     0.01463798
0.83221729     0.01311098
0.85319688     0.01155981
0.87417466     0.00998445
0.89515061     0.00838469
0.91612464     0.00676014
0.93709670     0.00511023
0.95806669     0.00343421
0.97903449     0.00173117
1.00000000     0.00000000
