section 3 of Vtail
1.00012907     0.00000000
0.95812444     0.00492282
0.91609617     0.00963947
0.87404616     0.01415836
0.83197587     0.01848427
0.78988628     0.02261821
0.74777800     0.02655720
0.70565131     0.03029415
0.66350623     0.03381752
0.62134257     0.03711107
0.57916005     0.04015339
0.53695840     0.04291744
0.49473752     0.04536973
0.45249766     0.04746944
0.41023977     0.04916692
0.36796589     0.05040169
0.32567982     0.05109934
0.28338818     0.05116656
0.24110222     0.05048288
0.19884125     0.04888563
0.15664000     0.04614000
0.11456709     0.04187064
0.07278548     0.03537018
0.03186726     0.02482373
0.00034724     0.00000000
0.03186726     -0.02482373
0.07278548     -0.03537018
0.11456709     -0.04187064
0.15664000     -0.04614000
0.19884125     -0.04888563
0.24110222     -0.05048288
0.28338818     -0.05116656
0.32567982     -0.05109934
0.36796589     -0.05040169
0.41023977     -0.04916692
0.45249766     -0.04746944
0.49473752     -0.04536973
0.53695840     -0.04291744
0.57916005     -0.04015339
0.62134257     -0.03711107
0.66350623     -0.03381752
0.70565131     -0.03029415
0.74777800     -0.02655720
0.78988628     -0.02261821
0.83197587     -0.01848427
0.87404616     -0.01415836
0.91609617     -0.00963947
0.95812444     -0.00492282
1.00012907     0.00000000
