section 13 of Wing_1
1.00000000     0.00000000
0.97980816     0.00417458
0.95931825     0.00650831
0.93871328     0.00741110
0.91808786     0.00723340
0.89748486     0.00623858
0.87691992     0.00463554
0.85639456     0.00258471
0.83590458     0.00020449
0.81544410     -0.00241779
0.79500488     -0.00520133
0.77458007     -0.00808886
0.75416212     -0.01102457
0.73374390     -0.01395841
0.71331942     -0.01684833
0.69288399     -0.01965970
0.67243426     -0.02236489
0.65196797     -0.02494179
0.63148232     -0.02735973
0.61097826     -0.02961643
0.59045431     -0.03168424
0.56991287     -0.03357009
0.54935442     -0.03526092
0.52878059     -0.03675255
0.50819416     -0.03805887
0.48759616     -0.03916829
0.46698902     -0.04009226
0.44637479     -0.04084223
0.42575458     -0.04140435
0.40513058     -0.04180293
0.38450392     -0.04202537
0.36387613     -0.04208543
0.34324852     -0.04198154
0.32262235     -0.04171813
0.30199892     -0.04128914
0.28137972     -0.04069121
0.26076581     -0.03993226
0.24015864     -0.03900838
0.21956031     -0.03790510
0.19897139     -0.03663789
0.17839502     -0.03518155
0.15783166     -0.03355143
0.13728572     -0.03171514
0.11675877     -0.02967765
0.09625842     -0.02738851
0.07579567     -0.02478512
0.05539739     -0.02172035
0.03513366     -0.01787344
0.01529080     -0.01229497
0.00000000     0.00000000
0.01306660     0.01477610
0.03249097     0.02188427
0.05263915     0.02668511
0.07299581     0.03052270
0.09345002     0.03380422
0.11396689     0.03666935
0.13452998     0.03918149
0.15512837     0.04138648
0.17575301     0.04333118
0.19639724     0.04505599
0.21705612     0.04659607
0.23772567     0.04798539
0.25840312     0.04925250
0.27908759     0.05039882
0.29977800     0.05143246
0.32047379     0.05235224
0.34117481     0.05314524
0.36188057     0.05380314
0.38259005     0.05433105
0.40330294     0.05470223
0.42401791     0.05492930
0.44473396     0.05501012
0.46545009     0.05495790
0.48616544     0.05476733
0.50687931     0.05445690
0.52759113     0.05402990
0.54830019     0.05348638
0.56900599     0.05282928
0.58970693     0.05203383
0.61040257     0.05111133
0.63109012     0.05002224
0.65176773     0.04875906
0.67243283     0.04730529
0.69308208     0.04564159
0.71371214     0.04375516
0.73432282     0.04166717
0.75491314     0.03938706
0.77548404     0.03693782
0.79603964     0.03436298
0.81658451     0.03170394
0.83712489     0.02901034
0.85766339     0.02630248
0.87820201     0.02359545
0.89873481     0.02084474
0.91924961     0.01796376
0.93971669     0.01476318
0.96008055     0.01096484
0.98023512     0.00618621
1.00000000     0.00000000
