section 2 of Vtail
0.99990120     -0.00000000
0.95767450     0.00706452
0.91539973     0.01383554
0.87308074     0.02032446
0.83072037     0.02653750
0.78832057     0.03247546
0.74588249     0.03813341
0.70340663     0.04350031
0.66089294     0.04855863
0.61834095     0.05328381
0.57575000     0.05764358
0.53311945     0.06159708
0.49044905     0.06509375
0.44773938     0.06807169
0.40499253     0.07045547
0.36221307     0.07215288
0.31940954     0.07305012
0.27659693     0.07300406
0.23380089     0.07182932
0.19106580     0.06927496
0.14847222     0.06497774
0.10618130     0.05835585
0.06458160     0.04831356
0.02505010     0.03210967
-0.00026582    -0.00000000
0.02505010     -0.03210967
0.06458160     -0.04831356
0.10618130     -0.05835585
0.14847222     -0.06497774
0.19106580     -0.06927496
0.23380089     -0.07182932
0.27659693     -0.07300406
0.31940954     -0.07305012
0.36221307     -0.07215288
0.40499253     -0.07045547
0.44773938     -0.06807169
0.49044905     -0.06509375
0.53311945     -0.06159708
0.57575000     -0.05764358
0.61834095     -0.05328381
0.66089294     -0.04855863
0.70340663     -0.04350031
0.74588249     -0.03813341
0.78832057     -0.03247546
0.83072037     -0.02653750
0.87308074     -0.02032446
0.91539973     -0.01383554
0.95767450     -0.00706452
0.99990120     -0.00000000
