section 2 of VT
1.00019525     0.00000000
0.95903860     0.00278932
0.91742421     0.00505173
0.87580471     0.00721817
0.83418046     0.00929112
0.79255168     0.01127125
0.75091854     0.01315735
0.70928111     0.01494622
0.66763940     0.01663258
0.62599339     0.01820895
0.58434301     0.01966544
0.54268822     0.02098955
0.50102900     0.02216584
0.45936541     0.02317546
0.41769767     0.02399561
0.37602623     0.02459854
0.33435194     0.02495023
0.29267623     0.02500818
0.25100154     0.02471774
0.20933199     0.02400543
0.16767493     0.02276589
0.12604463     0.02083214
0.08447409     0.01789352
0.04307399     0.01316634
0.00495013     0.00000000
0.04307399     -0.01316634
0.08447409     -0.01789352
0.12604463     -0.02083214
0.16767493     -0.02276589
0.20933199     -0.02400543
0.25100154     -0.02471774
0.29267623     -0.02500818
0.33435194     -0.02495023
0.37602623     -0.02459854
0.41769767     -0.02399561
0.45936541     -0.02317546
0.50102900     -0.02216584
0.54268822     -0.02098955
0.58434301     -0.01966544
0.62599339     -0.01820895
0.66763940     -0.01663258
0.70928111     -0.01494622
0.75091854     -0.01315735
0.79255168     -0.01127125
0.83418046     -0.00929112
0.87580471     -0.00721817
0.91742421     -0.00505173
0.95903860     -0.00278932
1.00019525     0.00000000
