section 4 of VT
1.00000000     0.00000000
0.95913055     0.00582476
0.91705157     0.01038978
0.87495201     0.01476099
0.83283325     0.01894320
0.79069625     0.02293749
0.74854162     0.02674109
0.70636963     0.03034714
0.66418032     0.03374447
0.62197354     0.03691729
0.57974904     0.03984479
0.53750661     0.04250061
0.49524616     0.04485215
0.45296800     0.04685961
0.41067308     0.04847462
0.36836339     0.04963825
0.32604261     0.05027800
0.28371714     0.05030299
0.24139776     0.04959592
0.19910295     0.04799843
0.15686588     0.04528207
0.11475191     0.04108182
0.07291585     0.03471024
0.03189941     0.02440407
0.00000000     0.00000000
0.03189941     -0.02440407
0.07291585     -0.03471024
0.11475191     -0.04108182
0.15686588     -0.04528207
0.19910295     -0.04799843
0.24139776     -0.04959592
0.28371714     -0.05030299
0.32604261     -0.05027800
0.36836339     -0.04963825
0.41067308     -0.04847462
0.45296800     -0.04685961
0.49524616     -0.04485215
0.53750661     -0.04250061
0.57974904     -0.03984479
0.62197354     -0.03691729
0.66418032     -0.03374447
0.70636963     -0.03034714
0.74854162     -0.02674109
0.79069625     -0.02293749
0.83283325     -0.01894320
0.87495201     -0.01476099
0.91705157     -0.01038978
0.95913055     -0.00582476
1.00000000     0.00000000
