section 0 of Wing_1
1.00000000     0.00000000
0.98178514     -0.00380693
0.96110775     -0.00531249
0.94042939     -0.00680460
0.91975017     -0.00828466
0.89907016     -0.00975382
0.87838945     -0.01121295
0.85770808     -0.01266266
0.83702606     -0.01410325
0.81634342     -0.01553474
0.79566013     -0.01695685
0.77497615     -0.01836897
0.75429143     -0.01977017
0.73360590     -0.02115922
0.71291944     -0.02253449
0.69223194     -0.02389404
0.67154327     -0.02523554
0.65085325     -0.02655626
0.63016173     -0.02785309
0.60946851     -0.02912247
0.58877338     -0.03036040
0.56807613     -0.03156243
0.54737655     -0.03272356
0.52667442     -0.03383830
0.50596954     -0.03490055
0.48526170     -0.03590360
0.46455075     -0.03684006
0.44383655     -0.03770180
0.42311905     -0.03847986
0.40239825     -0.03916438
0.38167427     -0.03974445
0.36094736     -0.04020801
0.34021796     -0.04054164
0.31948674     -0.04073035
0.29875469     -0.04075772
0.27802259     -0.04073140
0.25729046     -0.04072802
0.23655834     -0.04071920
0.21582628     -0.04067172
0.19509456     -0.04054601
0.17436402     -0.04029392
0.15363663     -0.03985529
0.13291662     -0.03915241
0.11221261     -0.03808042
0.09154234     -0.03649003
0.07094404     -0.03415283
0.05050841     -0.03068362
0.03049138     -0.02533640
0.01187624     -0.01636352
0.00000000     0.00000000
0.00518110     0.02009511
0.02001250     0.03531603
0.03772182     0.04717432
0.05668011     0.05693627
0.07634500     0.06519159
0.09647011     0.07225552
0.11691989     0.07831823
0.13760962     0.08350505
0.15848128     0.08790427
0.17949237     0.09158141
0.20061009     0.09458713
0.22180813     0.09696199
0.24306468     0.09873939
0.26436123     0.09994751
0.28568176     0.10061064
0.30701221     0.10076171
0.32834266     0.10057714
0.34966913     0.10012478
0.37098880     0.09942119
0.39229937     0.09848112
0.41359894     0.09731781
0.43488591     0.09594318
0.45615900     0.09436802
0.47741711     0.09260209
0.49865932     0.09065423
0.51988488     0.08853250
0.54109313     0.08624420
0.56228352     0.08379596
0.58345556     0.08119380
0.60460883     0.07844314
0.62574293     0.07554887
0.64685749     0.07251539
0.66795218     0.06934659
0.68902663     0.06604592
0.71008051     0.06261641
0.73111343     0.05906067
0.75212501     0.05538090
0.77311483     0.05157893
0.79408241     0.04765622
0.81502726     0.04361389
0.83594883     0.03945269
0.85684648     0.03517304
0.87771955     0.03077506
0.89856729     0.02625853
0.91938887     0.02162292
0.94018340     0.01686741
0.96094989     0.01199089
0.98168724     0.00699197
1.00000000     0.00000000
