section 1 of HT_1
0.99998376     0.00000000
0.98060315     -0.00387607
0.95956264     -0.00622599
0.93851654     -0.00852535
0.91746511     -0.01077530
0.89640855     -0.01297679
0.87534705     -0.01513053
0.85428078     -0.01723703
0.83320985     -0.01929653
0.81213440     -0.02130907
0.79105449     -0.02327443
0.76997019     -0.02519214
0.74888155     -0.02706148
0.72778859     -0.02888147
0.70669132     -0.03065085
0.68558975     -0.03236810
0.66448386     -0.03403139
0.64337363     -0.03563861
0.62225902     -0.03718733
0.60114001     -0.03867478
0.58001656     -0.04009785
0.55888866     -0.04145308
0.53775628     -0.04273661
0.51661942     -0.04394415
0.49547811     -0.04507099
0.47433239     -0.04611192
0.45318237     -0.04706119
0.43202817     -0.04791249
0.41087002     -0.04865882
0.38970820     -0.04929249
0.36854309     -0.04980493
0.34737524     -0.05018664
0.32620531     -0.05042698
0.30503420     -0.05051398
0.28386308     -0.05043407
0.26269344     -0.05017169
0.24152725     -0.04970884
0.22036709     -0.04902435
0.19921639     -0.04809291
0.17807979     -0.04688363
0.15696374     -0.04535777
0.13587748     -0.04346520
0.11483485     -0.04113836
0.09385790     -0.03828121
0.07298484     -0.03474723
0.05229071     -0.03028936
0.03195609     -0.02442131
0.01262045     -0.01588790
0.00004761     0.00000000
0.01262045     0.01588790
0.03195609     0.02442131
0.05229071     0.03028936
0.07298484     0.03474723
0.09385790     0.03828121
0.11483485     0.04113836
0.13587748     0.04346520
0.15696374     0.04535777
0.17807979     0.04688363
0.19921639     0.04809291
0.22036709     0.04902435
0.24152725     0.04970884
0.26269344     0.05017169
0.28386308     0.05043407
0.30503420     0.05051398
0.32620531     0.05042698
0.34737524     0.05018664
0.36854309     0.04980493
0.38970820     0.04929249
0.41087002     0.04865882
0.43202817     0.04791249
0.45318237     0.04706119
0.47433239     0.04611192
0.49547811     0.04507099
0.51661942     0.04394415
0.53775628     0.04273661
0.55888866     0.04145308
0.58001656     0.04009785
0.60114001     0.03867478
0.62225902     0.03718733
0.64337363     0.03563861
0.66448386     0.03403139
0.68558975     0.03236810
0.70669132     0.03065085
0.72778859     0.02888147
0.74888155     0.02706148
0.76997019     0.02519214
0.79105449     0.02327443
0.81213440     0.02130907
0.83320985     0.01929653
0.85428078     0.01723703
0.87534705     0.01513053
0.89640855     0.01297679
0.91746511     0.01077530
0.93851654     0.00852535
0.95956264     0.00622599
0.98060315     0.00387607
0.99998376     0.00000000
