section 5 of VT
0.99988424     -0.00000000
0.95931647     0.00610281
0.91721664     0.01065786
0.87509627     0.01501888
0.83295673     0.01919070
0.79079900     0.02317444
0.74862368     0.02696734
0.70643104     0.03056257
0.66422114     0.03394896
0.62199383     0.03711073
0.57974887     0.04002707
0.53748603     0.04267162
0.49520528     0.04501177
0.45290690     0.04700770
0.41059187     0.04861103
0.36826220     0.04976279
0.32592159     0.05039044
0.28357646     0.05040308
0.24123764     0.04968334
0.19892367     0.04807282
0.15666778     0.04534297
0.11453546     0.04112870
0.07268177     0.03474241
0.03164900     0.02442063
-0.00026277    -0.00000000
0.03164900     -0.02442063
0.07268177     -0.03474241
0.11453546     -0.04112870
0.15666778     -0.04534297
0.19892367     -0.04807282
0.24123764     -0.04968334
0.28357646     -0.05040308
0.32592159     -0.05039044
0.36826220     -0.04976279
0.41059187     -0.04861103
0.45290690     -0.04700770
0.49520528     -0.04501177
0.53748603     -0.04267162
0.57974887     -0.04002707
0.62199383     -0.03711073
0.66422114     -0.03394896
0.70643104     -0.03056257
0.74862368     -0.02696734
0.79079900     -0.02317444
0.83295673     -0.01919070
0.87509627     -0.01501888
0.91721664     -0.01065786
0.95931647     -0.00610281
0.99988424     -0.00000000
