section 1 of VT
1.00000000     0.00000000
0.95857663     0.00273617
0.91676663     0.00501212
0.87495150     0.00719166
0.83313157     0.00927728
0.79130710     0.01126967
0.74947824     0.01316757
0.70764505     0.01496780
0.66580757     0.01666504
0.62396575     0.01825176
0.58211954     0.01971804
0.54026888     0.02105132
0.49841376     0.02223607
0.45655425     0.02325337
0.41469055     0.02408030
0.37282312     0.02468898
0.33095280     0.02504525
0.28908104     0.02510639
0.24721027     0.02481748
0.20534465     0.02410473
0.16349153     0.02286226
0.12166525     0.02092229
0.07989895     0.01797271
0.03830377     0.01322609
0.00000000     0.00000000
0.03830377     -0.01322609
0.07989895     -0.01797271
0.12166525     -0.02092229
0.16349153     -0.02286226
0.20534465     -0.02410473
0.24721027     -0.02481748
0.28908104     -0.02510639
0.33095280     -0.02504525
0.37282312     -0.02468898
0.41469055     -0.02408030
0.45655425     -0.02325337
0.49841376     -0.02223607
0.54026888     -0.02105132
0.58211954     -0.01971804
0.62396575     -0.01825176
0.66580757     -0.01666504
0.70764505     -0.01496780
0.74947824     -0.01316757
0.79130710     -0.01126967
0.83313157     -0.00927728
0.87495150     -0.00719166
0.91676663     -0.00501212
0.95857663     -0.00273617
1.00000000     0.00000000
