section 0 of HT_1
1.00000000     0.00000000
0.98055518     -0.00381983
0.95951480     -0.00617095
0.93846882     -0.00847152
0.91741750     -0.01072268
0.89636106     -0.01292539
0.87529968     -0.01508036
0.85423352     -0.01718808
0.83316271     -0.01924882
0.81208736     -0.02126260
0.79100756     -0.02322920
0.76992336     -0.02514816
0.74883482     -0.02701875
0.72774196     -0.02883998
0.70664479     -0.03061062
0.68554332     -0.03232912
0.66443751     -0.03399366
0.64332736     -0.03560214
0.62221284     -0.03715210
0.60109391     -0.03864080
0.57997054     -0.04006513
0.55884270     -0.04142161
0.53771039     -0.04270638
0.51657359     -0.04391518
0.49543233     -0.04504327
0.47428667     -0.04608544
0.45313669     -0.04703596
0.43198254     -0.04788850
0.41082442     -0.04863608
0.38966262     -0.04927098
0.36849754     -0.04978467
0.34732970     -0.05016762
0.32615977     -0.05040919
0.30498866     -0.05049743
0.28381752     -0.05041875
0.26264786     -0.05015761
0.24148164     -0.04969599
0.22032143     -0.04901273
0.19917066     -0.04808252
0.17803398     -0.04687446
0.15691784     -0.04534982
0.13583146     -0.04345846
0.11478869     -0.04113282
0.09381157     -0.03827685
0.07293829     -0.03474404
0.05224392     -0.03028728
0.03190899     -0.02442028
0.01257297     -0.01588770
0.00000000     0.00000000
0.01257297     0.01588770
0.03190899     0.02442028
0.05224392     0.03028728
0.07293829     0.03474404
0.09381157     0.03827685
0.11478869     0.04113282
0.13583146     0.04345846
0.15691784     0.04534982
0.17803398     0.04687446
0.19917066     0.04808252
0.22032143     0.04901273
0.24148164     0.04969599
0.26264786     0.05015761
0.28381752     0.05041875
0.30498866     0.05049743
0.32615977     0.05040919
0.34732970     0.05016762
0.36849754     0.04978467
0.38966262     0.04927098
0.41082442     0.04863608
0.43198254     0.04788850
0.45313669     0.04703596
0.47428667     0.04608544
0.49543233     0.04504327
0.51657359     0.04391518
0.53771039     0.04270638
0.55884270     0.04142161
0.57997054     0.04006513
0.60109391     0.03864080
0.62221284     0.03715210
0.64332736     0.03560214
0.66443751     0.03399366
0.68554332     0.03232912
0.70664479     0.03061062
0.72774196     0.02883998
0.74883482     0.02701875
0.76992336     0.02514816
0.79100756     0.02322920
0.81208736     0.02126260
0.83316271     0.01924882
0.85423352     0.01718808
0.87529968     0.01508036
0.89636106     0.01292539
0.91741750     0.01072268
0.93846882     0.00847152
0.95951480     0.00617095
0.98055518     0.00381983
1.00000000     0.00000000
