section 6 of VT
1.00000000     0.00000000
0.95950880     0.00616555
0.91741179     0.01071748
0.87529425     0.01507537
0.83315757     0.01924405
0.79100270     0.02322465
0.74883024     0.02701441
0.70664050     0.03060650
0.66443350     0.03398977
0.62220910     0.03714844
0.57996708     0.04006169
0.53770721     0.04270317
0.49542943     0.04504028
0.45313406     0.04703321
0.41082206     0.04863356
0.36849545     0.04978238
0.32615795     0.05040715
0.28381596     0.05041694
0.24148033     0.04969443
0.19916961     0.04808121
0.15691703     0.04534876
0.11478811     0.04113203
0.07293794     0.03474351
0.03190884     0.02442002
0.00000000     0.00000000
0.03190884     -0.02442002
0.07293794     -0.03474351
0.11478811     -0.04113203
0.15691703     -0.04534876
0.19916961     -0.04808121
0.24148033     -0.04969443
0.28381596     -0.05041694
0.32615795     -0.05040715
0.36849545     -0.04978238
0.41082206     -0.04863356
0.45313406     -0.04703321
0.49542943     -0.04504028
0.53770721     -0.04270317
0.57996708     -0.04006169
0.62220910     -0.03714844
0.66443350     -0.03398977
0.70664050     -0.03060650
0.74883024     -0.02701441
0.79100270     -0.02322465
0.83315757     -0.01924405
0.87529425     -0.01507537
0.91741179     -0.01071748
0.95950880     -0.00616555
1.00000000     0.00000000
