section 1 of Wing
1.00000000     -0.00000000
0.98181927     -0.00383877
0.96114113     -0.00534369
0.94046201     -0.00683515
0.91978203     -0.00831456
0.89910127     -0.00978307
0.87841980     -0.01124154
0.85773766     -0.01269060
0.83705489     -0.01413053
0.81637149     -0.01556136
0.79568745     -0.01698281
0.77500271     -0.01839427
0.75431724     -0.01979482
0.73363095     -0.02118320
0.71294373     -0.02255782
0.69225548     -0.02391672
0.67156605     -0.02525756
0.65087529     -0.02657764
0.63018301     -0.02787381
0.60948904     -0.02914254
0.58879316     -0.03037983
0.56809517     -0.03158121
0.54739484     -0.03274170
0.52669197     -0.03385580
0.50598634     -0.03491741
0.48527776     -0.03591982
0.46456607     -0.03685564
0.44385114     -0.03771675
0.42313290     -0.03849417
0.40241137     -0.03917805
0.38168666     -0.03975749
0.36095903     -0.04022041
0.34022890     -0.04055340
0.31949697     -0.04074147
0.29876421     -0.04076819
0.27803140     -0.04074114
0.25729857     -0.04073702
0.23656574     -0.04072748
0.21583297     -0.04067929
0.19510054     -0.04055288
0.17436929     -0.04030010
0.15364122     -0.03986079
0.13292052     -0.03915722
0.11221583     -0.03808455
0.09154490     -0.03649347
0.07094597     -0.03415558
0.05050974     -0.03068567
0.03049216     -0.02533774
0.01187656     -0.01636417
0.00000000     -0.00000000
0.00518140     0.02009573
0.02001318     0.03531727
0.03772288     0.04717626
0.05668158     0.05693893
0.07634692     0.06519499
0.09647250     0.07225967
0.11692280     0.07832311
0.13761307     0.08351065
0.15848529     0.08791058
0.17949697     0.09158842
0.20061530     0.09459481
0.22181397     0.09697032
0.24307117     0.09874835
0.26436839     0.09995707
0.28568960     0.10062078
0.30702074     0.10077243
0.32835190     0.10058848
0.34967908     0.10013674
0.37099947     0.09943375
0.39231077     0.09849428
0.41361106     0.09733155
0.43489878     0.09595751
0.45617261     0.09438291
0.47743146     0.09261753
0.49867443     0.09067022
0.51990074     0.08854903
0.54110976     0.08626127
0.56230091     0.08381356
0.58347372     0.08121191
0.60462776     0.07846176
0.62576263     0.07556800
0.64687797     0.07253501
0.66797343     0.06936669
0.68904867     0.06606650
0.71010333     0.06263746
0.73113704     0.05908218
0.75214941     0.05540286
0.77314002     0.05160133
0.79410840     0.04767906
0.81505404     0.04363715
0.83597640     0.03947637
0.85687485     0.03519713
0.87774872     0.03079953
0.89859725     0.02628338
0.91941963     0.02164814
0.94021496     0.01689299
0.96098224     0.01201681
0.98172040     0.00701821
1.00000000     -0.00000000
