section 3 of Wing
0.99989141     0.00009957
0.98356439     -0.00546577
0.96285139     -0.00693526
0.94213743     -0.00839110
0.92142261     -0.00983474
0.90070702     -0.01126734
0.87999074     -0.01268981
0.85927381     -0.01410278
0.83855626     -0.01550659
0.81783808     -0.01690127
0.79711928     -0.01828655
0.77639982     -0.01966187
0.75567963     -0.02102630
0.73495865     -0.02237862
0.71423678     -0.02371724
0.69351391     -0.02504020
0.67278990     -0.02634520
0.65206459     -0.02762952
0.63133783     -0.02889005
0.61060942     -0.03012323
0.58987917     -0.03132508
0.56914688     -0.03249112
0.54841233     -0.03361638
0.52767532     -0.03469534
0.50693566     -0.03572191
0.48619316     -0.03668937
0.46544766     -0.03759031
0.44469906     -0.03841660
0.42394730     -0.03915926
0.40319240     -0.03980841
0.38243451     -0.04035312
0.36167390     -0.04078132
0.34091102     -0.04107955
0.32014657     -0.04123281
0.29938157     -0.04122436
0.27861662     -0.04115706
0.25785160     -0.04111338
0.23708660     -0.04106490
0.21632173     -0.04097835
0.19555733     -0.04081406
0.17479435     -0.04052381
0.15403485     -0.04004735
0.13328319     -0.03930685
0.11254817     -0.03819736
0.09184779     -0.03656946
0.07122063     -0.03419464
0.05075803     -0.03068767
0.03071693     -0.02530291
0.01208216     -0.01629461
0.00019153     0.00009957
0.00538775     0.02022313
0.02023558     0.03547338
0.03796046     0.04736637
0.05693571     0.05716565
0.07661932     0.06545947
0.09676486     0.07256228
0.11723668     0.07866378
0.13794992     0.08388902
0.15884647     0.08832608
0.17988370     0.09204029
0.20102875     0.09508220
0.22225519     0.09749227
0.24354115     0.09930381
0.26486803     0.10054493
0.28621974     0.10123984
0.30758212     0.10142307
0.32894502     0.10127308
0.35030436     0.10085480
0.37165731     0.10018480
0.39300152     0.09927785
0.41433506     0.09814722
0.43565633     0.09680482
0.45696401     0.09526146
0.47825698     0.09352691
0.49953432     0.09161002
0.52079524     0.08951885
0.54203908     0.08726072
0.56326528     0.08484226
0.58447332     0.08226948
0.60566277     0.07954782
0.62683324     0.07668215
0.64798433     0.07367687
0.66911570     0.07053587
0.69022699     0.06726260
0.71131783     0.06386006
0.73238785     0.06033085
0.75343664     0.05667717
0.77446377     0.05290083
0.79546877     0.04900327
0.81645112     0.04498558
0.83741026     0.04084849
0.85834556     0.03659240
0.87925633     0.03221740
0.90014182     0.02772324
0.92100118     0.02310935
0.94183351     0.01837489
0.96263780     0.01351871
0.98341295     0.00853937
0.99989141     0.00009957
