section 2 of HT
0.99998349     0.00000000
0.98145045     -0.00463698
0.96039021     -0.00697279
0.93932440     -0.00925788
0.91825328     -0.01149342
0.89717706     -0.01368037
0.87609593     -0.01581945
0.85501004     -0.01791116
0.83391954     -0.01995579
0.81282453     -0.02195337
0.79172509     -0.02390367
0.77062130     -0.02580625
0.74951320     -0.02766038
0.72840081     -0.02946510
0.70728416     -0.03121916
0.68616323     -0.03292102
0.66503803     -0.03456887
0.64390852     -0.03616060
0.62277468     -0.03769378
0.60163648     -0.03916564
0.58049390     -0.04057307
0.55934691     -0.04191262
0.53819549     -0.04318041
0.51703966     -0.04437216
0.49587944     -0.04548316
0.47471488     -0.04650819
0.45354607     -0.04744150
0.43237318     -0.04827677
0.41119640     -0.04900700
0.39001604     -0.04962448
0.36883250     -0.05012065
0.34764630     -0.05048599
0.32645814     -0.05070986
0.30526892     -0.05078028
0.28407982     -0.05068365
0.26289234     -0.05040443
0.24170848     -0.04992459
0.22053082     -0.04922294
0.19936282     -0.04827418
0.17820916     -0.04704738
0.15707630     -0.04550380
0.13597353     -0.04359329
0.11491476     -0.04124828
0.09392211     -0.03837271
0.07303390     -0.03482007
0.05232539     -0.03034329
0.03197747     -0.02445622
0.01263026     -0.01590425
0.00004840     0.00000000
0.01263026     0.01590425
0.03197747     0.02445622
0.05232539     0.03034329
0.07303390     0.03482007
0.09392211     0.03837271
0.11491476     0.04124828
0.13597353     0.04359329
0.15707630     0.04550380
0.17820916     0.04704738
0.19936282     0.04827418
0.22053082     0.04922294
0.24170848     0.04992459
0.26289234     0.05040443
0.28407982     0.05068365
0.30526892     0.05078028
0.32645814     0.05070986
0.34764630     0.05048599
0.36883250     0.05012065
0.39001604     0.04962448
0.41119640     0.04900700
0.43237318     0.04827677
0.45354607     0.04744150
0.47471488     0.04650819
0.49587944     0.04548316
0.51703966     0.04437216
0.53819549     0.04318041
0.55934691     0.04191262
0.58049390     0.04057307
0.60163648     0.03916564
0.62277468     0.03769378
0.64390852     0.03616060
0.66503803     0.03456887
0.68616323     0.03292102
0.70728416     0.03121916
0.72840081     0.02946510
0.74951320     0.02766038
0.77062130     0.02580625
0.79172509     0.02390367
0.81282453     0.02195337
0.83391954     0.01995579
0.85501004     0.01791116
0.87609593     0.01581945
0.89717706     0.01368037
0.91825328     0.01149342
0.93932440     0.00925788
0.96039021     0.00697279
0.98145045     0.00463698
0.99998349     0.00000000
