section 3 of VT
1.00000000     0.00000000
0.95892849     0.00307004
0.91710239     0.00533227
0.87527119     0.00749797
0.83343522     0.00956967
0.79159474     0.01154806
0.74974989     0.01343191
0.70790076     0.01521803
0.66604736     0.01690111
0.62418966     0.01847365
0.58232762     0.01992571
0.54046117     0.02124473
0.49859031     0.02241519
0.45671511     0.02341815
0.41483580     0.02423069
0.37295283     0.02482494
0.33106706     0.02516668
0.28917995     0.02521322
0.24729395     0.02490961
0.20541325     0.02418201
0.16354525     0.02292453
0.12170433     0.02096937
0.07992375     0.01800433
0.03831495     0.01324191
0.00000000     0.00000000
0.03831495     -0.01324191
0.07992375     -0.01800433
0.12170433     -0.02096937
0.16354525     -0.02292453
0.20541325     -0.02418201
0.24729395     -0.02490961
0.28917995     -0.02521322
0.33106706     -0.02516668
0.37295283     -0.02482494
0.41483580     -0.02423069
0.45671511     -0.02341815
0.49859031     -0.02241519
0.54046117     -0.02124473
0.58232762     -0.01992571
0.62418966     -0.01847365
0.66604736     -0.01690111
0.70790076     -0.01521803
0.74974989     -0.01343191
0.79159474     -0.01154806
0.83343522     -0.00956967
0.87527119     -0.00749797
0.91710239     -0.00533227
0.95892849     -0.00307004
1.00000000     0.00000000
