section 0 of VT
1.00000000     0.00000000
0.95846033     0.00262586
0.91665565     0.00490635
0.87484583     0.00709046
0.83303121     0.00918069
0.79121203     0.01117769
0.74938845     0.01308025
0.70756054     0.01488513
0.66572831     0.01658704
0.62389174     0.01817845
0.58205076     0.01964944
0.54020533     0.02098742
0.49835541     0.02217689
0.45650107     0.02319893
0.41464254     0.02403061
0.37278024     0.02464407
0.33091503     0.02500513
0.28904834     0.02507109
0.24718261     0.02478705
0.20532197     0.02407920
0.16347378     0.02284168
0.12165234     0.02090674
0.07989075     0.01796226
0.03830007     0.01322087
0.00000000     0.00000000
0.03830007     -0.01322087
0.07989075     -0.01796226
0.12165234     -0.02090674
0.16347378     -0.02284168
0.20532197     -0.02407920
0.24718261     -0.02478705
0.28904834     -0.02507109
0.33091503     -0.02500513
0.37278024     -0.02464407
0.41464254     -0.02403061
0.45650107     -0.02319893
0.49835541     -0.02217689
0.54020533     -0.02098742
0.58205076     -0.01964944
0.62389174     -0.01817845
0.66572831     -0.01658704
0.70756054     -0.01488513
0.74938845     -0.01308025
0.79121203     -0.01117769
0.83303121     -0.00918069
0.87484583     -0.00709046
0.91665565     -0.00490635
0.95846033     -0.00262586
1.00000000     0.00000000
