section 2 of Wing_1
0.99989322     0.00009792
0.98243141     -0.00440599
0.96174352     -0.00589698
0.94105466     -0.00737444
0.92036493     -0.00883978
0.89967444     -0.01029418
0.87898323     -0.01173851
0.85829137     -0.01317339
0.83759888     -0.01459914
0.81690576     -0.01601577
0.79621201     -0.01742302
0.77551757     -0.01882029
0.75482241     -0.02020666
0.73412643     -0.02158089
0.71342955     -0.02294138
0.69273164     -0.02428618
0.67203256     -0.02561296
0.65133217     -0.02691901
0.63063029     -0.02820121
0.60992673     -0.02945601
0.58922130     -0.03067941
0.56851377     -0.03186695
0.54780395     -0.03301365
0.52709161     -0.03411400
0.50637655     -0.03516190
0.48565859     -0.03615066
0.46493756     -0.03707287
0.44421334     -0.03792039
0.42348588     -0.03868427
0.40275518     -0.03935463
0.38202138     -0.03992058
0.36128472     -0.04037003
0.34054567     -0.04068955
0.31980490     -0.04086417
0.29906341     -0.04087731
0.27832191     -0.04083473
0.25758037     -0.04081536
0.23683883     -0.04079081
0.21609738     -0.04072783
0.19535633     -0.04058684
0.17461654     -0.04031965
0.15388005     -0.03986610
0.13315111     -0.03914841
0.11243843     -0.03806173
0.09175983     -0.03645674
0.07115369     -0.03410502
0.05071094     -0.03062144
0.03068787     -0.02526026
0.01206821     -0.01627490
0.00018835     0.00009792
0.00537454     0.02020078
0.02020986     0.03543067
0.03792224     0.04730065
0.05688394     0.05707570
0.07655280     0.06534485
0.09668248     0.07242297
0.11713742     0.07850001
0.13783285     0.08370117
0.15871073     0.08811463
0.17972850     0.09180584
0.20085337     0.09482540
0.22205896     0.09721381
0.24332345     0.09900444
0.26462830     0.10022545
0.28595746     0.10090107
0.30729684     0.10106486
0.32863642     0.10089404
0.34997220     0.10045529
0.37130134     0.09976515
0.39262152     0.09883838
0.41393083     0.09768824
0.43522768     0.09632665
0.45651076     0.09476438
0.47777898     0.09301120
0.49903140     0.09107597
0.52026727     0.08896674
0.54148593     0.08669081
0.56268681     0.08425481
0.58386942     0.08166476
0.60503334     0.07892609
0.62617816     0.07604368
0.64730352     0.07302191
0.66840906     0.06986470
0.68949443     0.06657548
0.71055928     0.06315727
0.73160324     0.05961268
0.75262590     0.05594390
0.77362683     0.05215277
0.79460559     0.04824073
0.81556165     0.04420888
0.83649445     0.04005797
0.85740338     0.03578843
0.87828774     0.03140033
0.89914680     0.02689347
0.91997973     0.02226729
0.94078561     0.01752097
0.96156345     0.01265338
0.98231216     0.00766310
0.99989322     0.00009792
