section 4 of Wing
1.00000000     0.00000000
0.98377989     -0.00567174
0.96305819     -0.00713956
0.94233552     -0.00859370
0.92161200     -0.01003563
0.90088772     -0.01146651
0.88016273     -0.01288725
0.85943710     -0.01429849
0.83871085     -0.01570055
0.81798398     -0.01709348
0.79725648     -0.01847702
0.77652831     -0.01985058
0.75579943     -0.02121326
0.73506976     -0.02256382
0.71433920     -0.02390068
0.69360763     -0.02522189
0.67287493     -0.02652513
0.65214094     -0.02780770
0.63140549     -0.02906646
0.61066840     -0.03029788
0.58992947     -0.03149796
0.56918850     -0.03266223
0.54844528     -0.03378572
0.52769961     -0.03486289
0.50695129     -0.03588767
0.48620013     -0.03685331
0.46544598     -0.03775243
0.44468874     -0.03857687
0.42392834     -0.03931766
0.40316482     -0.03996491
0.38239832     -0.04050769
0.36162910     -0.04093392
0.34085762     -0.04123014
0.32008460     -0.04138134
0.29931104     -0.04137076
0.27853753     -0.04130100
0.25776396     -0.04125490
0.23699040     -0.04120406
0.21621698     -0.04111514
0.19544404     -0.04094851
0.17467253     -0.04065590
0.15390452     -0.04017704
0.13314438     -0.03943406
0.11240093     -0.03832199
0.09169217     -0.03669134
0.07105674     -0.03431352
0.05058602     -0.03080320
0.03053713     -0.02541449
0.01189526     -0.01640122
0.00000000     0.00000000
0.00519877     0.02013164
0.02005230     0.03538850
0.03778373     0.04728733
0.05676603     0.05709194
0.07645701     0.06539068
0.09661017     0.07249807
0.11708981     0.07860382
0.13781103     0.08383301
0.15871570     0.08827372
0.17976118     0.09199132
0.20091457     0.09503635
0.22214946     0.09744928
0.24344393     0.09926342
0.26477940     0.10050690
0.28613975     0.10120393
0.30751082     0.10138913
0.32888244     0.10124115
0.35025053     0.10082477
0.37161224     0.10015655
0.39296524     0.09925129
0.41430758     0.09812223
0.43563767     0.09678133
0.45695418     0.09523937
0.47825599     0.09350613
0.49954219     0.09159048
0.52081197     0.08950047
0.54206468     0.08724341
0.56329975     0.08482596
0.58451668     0.08225411
0.60571502     0.07953330
0.62689438     0.07666843
0.64805437     0.07366387
0.66919464     0.07052353
0.69031483     0.06725084
0.71141458     0.06384883
0.73249350     0.06032008
0.75355119     0.05666679
0.77458723     0.05289077
0.79560113     0.04899347
0.81659239     0.04497596
0.83756042     0.04083899
0.85850462     0.03658296
0.87942428     0.03220793
0.90031865     0.02771367
0.92118689     0.02309961
0.94202809     0.01836490
0.96284124     0.01350839
0.98362525     0.00852863
1.00000000     0.00000000
