section 3 of HT
1.00000000     0.00000000
0.98154402     -0.00470760
0.96048059     -0.00704226
0.93941159     -0.00932618
0.91833728     -0.01156053
0.89725787     -0.01374628
0.87617356     -0.01588414
0.85508449     -0.01797463
0.83399081     -0.02001802
0.81289262     -0.02201434
0.79179001     -0.02396338
0.77068304     -0.02586468
0.74957177     -0.02771753
0.72845622     -0.02952095
0.70733640     -0.03127371
0.68621231     -0.03297426
0.66508395     -0.03462079
0.64395129     -0.03621119
0.62281430     -0.03774303
0.60167296     -0.03921354
0.58052723     -0.04061963
0.55937711     -0.04195781
0.53822256     -0.04322422
0.51706360     -0.04441460
0.49590025     -0.04552421
0.47473257     -0.04654783
0.45356066     -0.04747973
0.43238466     -0.04831357
0.41120479     -0.04904236
0.39002134     -0.04965838
0.36883472     -0.05015308
0.34764545     -0.05051694
0.32645423     -0.05073930
0.30526196     -0.05080819
0.28406982     -0.05071001
0.26287932     -0.05042921
0.24169245     -0.04994777
0.22051180     -0.04924449
0.19934083     -0.04829407
0.17818421     -0.04706557
0.15704842     -0.04552025
0.13594276     -0.04360796
0.11488113     -0.04126112
0.09388566     -0.03838366
0.07299470     -0.03482906
0.05228352     -0.03035024
0.03193304     -0.02446104
0.01258351     -0.01590679
0.00000000     0.00000000
0.01258351     0.01590679
0.03193304     0.02446104
0.05228352     0.03035024
0.07299470     0.03482906
0.09388566     0.03838366
0.11488113     0.04126112
0.13594276     0.04360796
0.15704842     0.04552025
0.17818421     0.04706557
0.19934083     0.04829407
0.22051180     0.04924449
0.24169245     0.04994777
0.26287932     0.05042921
0.28406982     0.05071001
0.30526196     0.05080819
0.32645423     0.05073930
0.34764545     0.05051694
0.36883472     0.05015308
0.39002134     0.04965838
0.41120479     0.04904236
0.43238466     0.04831357
0.45356066     0.04747973
0.47473257     0.04654783
0.49590025     0.04552421
0.51706360     0.04441460
0.53822256     0.04322422
0.55937711     0.04195781
0.58052723     0.04061963
0.60167296     0.03921354
0.62281430     0.03774303
0.64395129     0.03621119
0.66508395     0.03462079
0.68621231     0.03297426
0.70733640     0.03127371
0.72845622     0.02952095
0.74957177     0.02771753
0.77068304     0.02586468
0.79179001     0.02396338
0.81289262     0.02201434
0.83399081     0.02001802
0.85508449     0.01797463
0.87617356     0.01588414
0.89725787     0.01374628
0.91833728     0.01156053
0.93941159     0.00932618
0.96048059     0.00704226
0.98154402     0.00470760
1.00000000     0.00000000
