section 1 of Gear Pod
1.00000000     0.00000000
0.97928161     -0.00401018
0.95854746     -0.00793809
0.93779826     -0.01178572
0.91703464     -0.01555474
0.89625714     -0.01924647
0.87546623     -0.02286193
0.85466231     -0.02640176
0.83384571     -0.02986627
0.81301671     -0.03325538
0.79217551     -0.03656864
0.77132226     -0.03980522
0.75045707     -0.04296389
0.72957998     -0.04604297
0.70869102     -0.04904040
0.68779015     -0.05195363
0.66687731     -0.05477966
0.64595242     -0.05751501
0.62501537     -0.06015567
0.60406604     -0.06269712
0.58310433     -0.06513424
0.56213012     -0.06746134
0.54114333     -0.06967207
0.52014391     -0.07175939
0.49913186     -0.07371552
0.47810728     -0.07553189
0.45707035     -0.07719905
0.43602138     -0.07870655
0.41496086     -0.08004291
0.39388949     -0.08119542
0.37280824     -0.08215003
0.35171842     -0.08289113
0.33062176     -0.08340133
0.30952056     -0.08366112
0.28841778     -0.08364851
0.26731731     -0.08333852
0.24622420     -0.08270244
0.22514503     -0.08170696
0.20408855     -0.08031284
0.18306641     -0.07847305
0.16209452     -0.07613006
0.14119513     -0.07321164
0.12040043     -0.06962425
0.09975915     -0.06524190
0.07934965     -0.05988640
0.05930894     -0.05328961
0.03990593     -0.04501499
0.02176404     -0.03428338
0.00668450     -0.01965445
0.00000000     0.00000000
0.00668450     0.01965445
0.02176404     0.03428338
0.03990593     0.04501499
0.05930894     0.05328961
0.07934965     0.05988640
0.09975915     0.06524190
0.12040043     0.06962425
0.14119513     0.07321164
0.16209452     0.07613006
0.18306641     0.07847305
0.20408855     0.08031284
0.22514503     0.08170696
0.24622420     0.08270244
0.26731731     0.08333852
0.28841778     0.08364851
0.30952056     0.08366112
0.33062176     0.08340133
0.35171842     0.08289113
0.37280824     0.08215003
0.39388949     0.08119542
0.41496086     0.08004291
0.43602138     0.07870655
0.45707035     0.07719905
0.47810728     0.07553189
0.49913186     0.07371552
0.52014391     0.07175939
0.54114333     0.06967207
0.56213012     0.06746134
0.58310433     0.06513424
0.60406604     0.06269712
0.62501537     0.06015567
0.64595242     0.05751501
0.66687731     0.05477966
0.68779015     0.05195363
0.70869102     0.04904040
0.72957998     0.04604297
0.75045707     0.04296389
0.77132226     0.03980522
0.79217551     0.03656864
0.81301671     0.03325538
0.83384571     0.02986627
0.85466231     0.02640176
0.87546623     0.02286193
0.89625714     0.01924647
0.91703464     0.01555474
0.93779826     0.01178572
0.95854746     0.00793809
0.97928161     0.00401018
1.00000000     0.00000000
