section 4 of Wing
0.99986120     0.00002316
0.98031369     -0.00111818
0.95971821     -0.00169116
0.93913368     -0.00257654
0.91856087     -0.00370292
0.89799960     -0.00502374
0.87744830     -0.00649185
0.85690609     -0.00808229
0.83637170     -0.00977083
0.81584396     -0.01153849
0.79532161     -0.01336753
0.77480290     -0.01523709
0.75428589     -0.01712529
0.73376935     -0.01901850
0.71325202     -0.02090313
0.69273278     -0.02276686
0.67221038     -0.02459557
0.65168392     -0.02637792
0.63115252     -0.02810250
0.61061527     -0.02975588
0.59007181     -0.03133010
0.56952225     -0.03282270
0.54896600     -0.03422013
0.52840323     -0.03551794
0.50783393     -0.03670772
0.48725793     -0.03777547
0.46667559     -0.03871266
0.44608725     -0.03950732
0.42549365     -0.04015079
0.40489552     -0.04062794
0.38429410     -0.04093031
0.36369083     -0.04105460
0.34308728     -0.04099321
0.32248512     -0.04074585
0.30188596     -0.04031588
0.28129100     -0.03971784
0.26070150     -0.03895415
0.24011792     -0.03804443
0.21954159     -0.03698348
0.19897431     -0.03575991
0.17841751     -0.03437116
0.15787393     -0.03279915
0.13734554     -0.03104000
0.11683635     -0.02906971
0.09635330     -0.02684492
0.07590872     -0.02429173
0.05553236     -0.02124479
0.03529086     -0.01740865
0.01539756     -0.01209719
-0.00030867    0.00002667
0.00917833     0.01749903
0.02705254     0.02838756
0.04621489     0.03687165
0.06597623     0.04385865
0.08608931     0.04976368
0.10642545     0.05485049
0.12691817     0.05926604
0.14752607     0.06310933
0.16822235     0.06644494
0.18898878     0.06931190
0.20980954     0.07175377
0.23067353     0.07379420
0.25157058     0.07546260
0.27249223     0.07678780
0.29343286     0.07776823
0.31438663     0.07841006
0.33534803     0.07871323
0.35631160     0.07868329
0.37727219     0.07832752
0.39822526     0.07766233
0.41916652     0.07669367
0.44009297     0.07544526
0.46100188     0.07393076
0.48189189     0.07217456
0.50276140     0.07018947
0.52360979     0.06799341
0.54443752     0.06560930
0.56524410     0.06304700
0.58603048     0.06032569
0.60679718     0.05745797
0.62754459     0.05445381
0.64827443     0.05133065
0.66898807     0.04810173
0.68968858     0.04478967
0.71037821     0.04141028
0.73106022     0.03798457
0.75173697     0.03452720
0.77241240     0.03106197
0.79309003     0.02760985
0.81377432     0.02419794
0.83447000     0.02085582
0.85518075     0.01760845
0.87591039     0.01448411
0.89666284     0.01151516
0.91744192     0.00873893
0.93825303     0.00621461
0.95909987     0.00400544
0.97998573     0.00220450
0.99986120     0.00002316
