section 2 of Gear Pod
1.00000000     0.00000000
0.97921492     -0.00480831
0.95840753     -0.00951912
0.93757880     -0.01413467
0.91672960     -0.01865682
0.89586067     -0.02308708
0.87497267     -0.02742652
0.85406614     -0.03167583
0.83314155     -0.03583526
0.81219926     -0.03990462
0.79123955     -0.04388328
0.77026261     -0.04777010
0.74926857     -0.05156350
0.72825750     -0.05526135
0.70722939     -0.05886101
0.68618417     -0.06235929
0.66512174     -0.06575242
0.64404197     -0.06903601
0.62294467     -0.07220505
0.60182966     -0.07525386
0.58069676     -0.07817602
0.55954579     -0.08096438
0.53837661     -0.08361096
0.51718916     -0.08610692
0.49598343     -0.08844246
0.47475955     -0.09060676
0.45351779     -0.09258788
0.43225864     -0.09437262
0.41098286     -0.09594643
0.38969150     -0.09729319
0.36838609     -0.09839505
0.34706866     -0.09923216
0.32574192     -0.09978238
0.30440945     -0.10002087
0.28307592     -0.09991958
0.26174745     -0.09944666
0.24043200     -0.09856553
0.21914004     -0.09723375
0.19788541     -0.09540140
0.17668669     -0.09300880
0.15556924     -0.08998314
0.13456858     -0.08623345
0.11373609     -0.08164267
0.09314948     -0.07605475
0.07293309     -0.06925269
0.05330148     -0.06091943
0.03466317     -0.05056788
0.01789444     -0.03743412
0.00504891     -0.02052124
0.00000000     0.00000000
0.00504891     0.02052124
0.01789444     0.03743412
0.03466317     0.05056788
0.05330148     0.06091943
0.07293309     0.06925269
0.09314948     0.07605475
0.11373609     0.08164267
0.13456858     0.08623345
0.15556924     0.08998314
0.17668669     0.09300880
0.19788541     0.09540140
0.21914004     0.09723375
0.24043200     0.09856553
0.26174745     0.09944666
0.28307592     0.09991958
0.30440945     0.10002087
0.32574192     0.09978238
0.34706866     0.09923216
0.36838609     0.09839505
0.38969150     0.09729319
0.41098286     0.09594643
0.43225864     0.09437262
0.45351779     0.09258788
0.47475955     0.09060676
0.49598343     0.08844246
0.51718916     0.08610692
0.53837661     0.08361096
0.55954579     0.08096438
0.58069676     0.07817602
0.60182966     0.07525386
0.62294467     0.07220505
0.64404197     0.06903601
0.66512174     0.06575242
0.68618417     0.06235929
0.70722939     0.05886101
0.72825750     0.05526135
0.74926857     0.05156350
0.77026261     0.04777010
0.79123955     0.04388328
0.81219926     0.03990462
0.83314155     0.03583526
0.85406614     0.03167583
0.87497267     0.02742652
0.89586067     0.02308708
0.91672960     0.01865682
0.93757880     0.01413467
0.95840753     0.00951912
0.97921492     0.00480831
1.00000000     0.00000000
