section 2 of Wing
1.00000000     -0.00000000
0.98045582     -0.00114122
0.95986384     -0.00171417
0.93928280     -0.00259947
0.91871350     -0.00372574
0.89815572     -0.00504641
0.87760792     -0.00651434
0.85706920     -0.00810457
0.83653830     -0.00979290
0.81601406     -0.01156033
0.79549520     -0.01338914
0.77497998     -0.01525845
0.75446647     -0.01714640
0.73395341     -0.01903936
0.71343957     -0.02092374
0.69292382     -0.02278723
0.67240492     -0.02461570
0.65188195     -0.02639782
0.63135404     -0.02812218
0.61082028     -0.02977535
0.59028032     -0.03134937
0.56973426     -0.03284179
0.54918151     -0.03423905
0.52862223     -0.03553672
0.50805643     -0.03672636
0.48748393     -0.03779401
0.46690509     -0.03873112
0.44632025     -0.03952571
0.42573014     -0.04016915
0.40513551     -0.04064628
0.38453760     -0.04094867
0.36393782     -0.04107301
0.34333777     -0.04101171
0.32273911     -0.04076446
0.30214345     -0.04033463
0.28155198     -0.03973677
0.26096597     -0.03897329
0.24038589     -0.03806379
0.21981305     -0.03700309
0.19924926     -0.03577980
0.17869595     -0.03439136
0.15815585     -0.03281969
0.13763094     -0.03106090
0.11712523     -0.02909103
0.09664564     -0.02686668
0.07620453     -0.02431400
0.05583162     -0.02126765
0.03559354     -0.01743223
0.01570360     -0.01212175
0.00000000     -0.00000000
0.00948532     0.01746943
0.02735646     0.02835618
0.04651552     0.03683889
0.06627349     0.04382478
0.08638313     0.04972887
0.10671580     0.05481489
0.12720502     0.05922976
0.14780941     0.06307247
0.16850217     0.06640759
0.18926506     0.06927413
0.21008228     0.07171566
0.23094271     0.07375582
0.25183621     0.07542400
0.27275430     0.07674905
0.29369137     0.07772938
0.31464158     0.07837118
0.33559941     0.07867437
0.35655943     0.07864451
0.37751645     0.07828888
0.39846597     0.07762388
0.41940368     0.07665546
0.44032658     0.07540732
0.46123194     0.07389315
0.48211841     0.07213733
0.50298439     0.07015265
0.52382924     0.06795703
0.54465344     0.06557341
0.56545650     0.06301161
0.58623935     0.06029084
0.60700254     0.05742367
0.62774644     0.05442010
0.64847277     0.05129754
0.66918290     0.04806924
0.68987990     0.04475782
0.71056603     0.04137908
0.73124455     0.03795402
0.75191779     0.03449731
0.77258973     0.03103274
0.79326385     0.02758127
0.81394465     0.02417002
0.83463682     0.02082854
0.85534406     0.01758180
0.87607020     0.01445805
0.89681913     0.01148969
0.91759469     0.00871400
0.93840228     0.00619017
0.95924559     0.00398146
0.98012791     0.00218090
1.00000000     -0.00000000
