section 3 of Wing
0.99987007     0.00002049
0.98032278     -0.00112087
0.95972753     -0.00169388
0.93914322     -0.00257928
0.91857065     -0.00370569
0.89800960     -0.00502653
0.87745853     -0.00649466
0.85691655     -0.00808511
0.83638239     -0.00977366
0.81585489     -0.01154133
0.79533276     -0.01337039
0.77481428     -0.01523996
0.75429751     -0.01712818
0.73378119     -0.01902140
0.71326409     -0.02090604
0.69274508     -0.02276979
0.67222292     -0.02459851
0.65169668     -0.02638087
0.63116551     -0.02810547
0.61062849     -0.02975886
0.59008526     -0.03133310
0.56953594     -0.03282572
0.54897992     -0.03422316
0.52841738     -0.03552100
0.50784830     -0.03671079
0.48727254     -0.03777857
0.46669042     -0.03871579
0.44610231     -0.03951047
0.42550894     -0.04015397
0.40491103     -0.04063115
0.38430985     -0.04093354
0.36370680     -0.04105786
0.34310348     -0.04099651
0.32250155     -0.04074919
0.30190262     -0.04031925
0.28130788     -0.03972126
0.26071860     -0.03895762
0.24013525     -0.03804793
0.21955915     -0.03698703
0.19899209     -0.03576351
0.17843553     -0.03437481
0.15789216     -0.03280285
0.13736400     -0.03104375
0.11685504     -0.02907352
0.09637220     -0.02684878
0.07592785     -0.02429565
0.05555171     -0.02124879
0.03531043     -0.01741272
0.01541733     -0.01210136
-0.00028874    0.00002234
0.00919813     0.01749453
0.02707212     0.02838297
0.04623424     0.03686700
0.06599536     0.04385396
0.08610820     0.04975895
0.10644411     0.05484574
0.12693659     0.05926127
0.14754426     0.06310456
0.16824031     0.06644016
0.18900650     0.06930713
0.20982703     0.07174900
0.23069078     0.07378945
0.25158761     0.07545786
0.27250902     0.07678308
0.29344942     0.07776353
0.31440295     0.07840539
0.33536412     0.07870859
0.35632746     0.07867869
0.37728781     0.07832296
0.39824066     0.07765781
0.41918169     0.07668920
0.44010791     0.07544083
0.46101659     0.07392638
0.48190637     0.07217024
0.50277566     0.07018520
0.52362381     0.06798920
0.54445132     0.06560515
0.56525767     0.06304291
0.58604382     0.06032167
0.60681030     0.05745401
0.62755749     0.05444992
0.64828710     0.05132683
0.66900052     0.04809798
0.68970080     0.04478599
0.71039021     0.04140667
0.73107200     0.03798104
0.75174853     0.03452374
0.77242374     0.03105858
0.79310114     0.02760653
0.81378521     0.02419470
0.83448067     0.02085264
0.85519119     0.01760535
0.87592061     0.01448107
0.89667283     0.01151219
0.91745168     0.00873602
0.93826258     0.00621176
0.95910919     0.00400265
0.97999482     0.00220177
0.99987007     0.00002049
