section 2 of Htail_1
1.00018668     -0.00011155
0.97965582     -0.00224909
0.95912037     -0.00434203
0.93858054     -0.00639155
0.91803651     -0.00839860
0.89748846     -0.01036401
0.87693652     -0.01228837
0.85638082     -0.01417212
0.83582147     -0.01601551
0.81525853     -0.01781857
0.79469209     -0.01958116
0.77412219     -0.02130291
0.75354886     -0.02298328
0.73297214     -0.02462147
0.71239203     -0.02621650
0.69180852     -0.02776715
0.67122161     -0.02927197
0.65063128     -0.03072926
0.63003752     -0.03213706
0.60944028     -0.03349318
0.58883955     -0.03479512
0.56823530     -0.03604011
0.54762751     -0.03722505
0.52701617     -0.03834654
0.50640128     -0.03940080
0.48578287     -0.04038368
0.46516098     -0.04129062
0.44453569     -0.04211662
0.42390712     -0.04285614
0.40327545     -0.04350312
0.38264090     -0.04405086
0.36200380     -0.04449192
0.34136457     -0.04481806
0.32072375     -0.04502005
0.30008207     -0.04508751
0.27944043     -0.04500866
0.25880003     -0.04477004
0.23816241     -0.04435601
0.21752961     -0.04374820
0.19690432     -0.04292464
0.17629017     -0.04185846
0.15569221     -0.04051600
0.13511766     -0.03885364
0.11457734     -0.03681256
0.09408842     -0.03430914
0.07368064     -0.03121578
0.05341228     -0.02731717
0.03342323     -0.02218856
0.01421060     -0.01471861
0.00100767     -0.00011155
0.01421060     0.01449551
0.03342323     0.02196546
0.05341228     0.02709407
0.07368064     0.03099268
0.09408842     0.03408604
0.11457734     0.03658946
0.13511766     0.03863054
0.15569221     0.04029290
0.17629017     0.04163536
0.19690432     0.04270154
0.21752961     0.04352510
0.23816241     0.04413291
0.25880003     0.04454694
0.27944043     0.04478556
0.30008207     0.04486441
0.32072375     0.04479695
0.34136457     0.04459496
0.36200380     0.04426882
0.38264090     0.04382776
0.40327545     0.04328002
0.42390712     0.04263304
0.44453569     0.04189352
0.46516098     0.04106752
0.48578287     0.04016058
0.50640128     0.03917769
0.52701617     0.03812344
0.54762751     0.03700195
0.56823530     0.03581701
0.58883955     0.03457202
0.60944028     0.03327008
0.63003752     0.03191396
0.65063128     0.03050616
0.67122161     0.02904887
0.69180852     0.02754405
0.71239203     0.02599340
0.73297214     0.02439837
0.75354886     0.02276017
0.77412219     0.02107981
0.79469209     0.01935806
0.81525853     0.01759547
0.83582147     0.01579241
0.85638082     0.01394902
0.87693652     0.01206527
0.89748846     0.01014090
0.91803651     0.00817550
0.93858054     0.00616845
0.95912037     0.00411893
0.97965582     0.00202599
1.00018668     -0.00011155
