section 5 of Strut
1.00000000     0.00000000
0.97895854     -0.00096017
0.95796619     -0.00270921
0.93702248     -0.00496971
0.91612567     -0.00763019
0.89527391     -0.01062404
0.87446043     -0.01387373
0.85368193     -0.01734026
0.83293291     -0.02097921
0.81220999     -0.02476410
0.79150766     -0.02866003
0.77082140     -0.03264053
0.75014387     -0.03666614
0.72947025     -0.04071183
0.70879600     -0.04475430
0.68811453     -0.04875961
0.66742330     -0.05271417
0.64671716     -0.05658982
0.62599283     -0.06036702
0.60524523     -0.06401416
0.58447255     -0.06751557
0.56367190     -0.07084672
0.54284313     -0.07399712
0.52198545     -0.07694997
0.50109724     -0.07967846
0.48017837     -0.08216065
0.45922916     -0.08437187
0.43825059     -0.08628428
0.41724530     -0.08787635
0.39621599     -0.08911065
0.37516797     -0.08996671
0.35410751     -0.09042502
0.33304215     -0.09046669
0.31198028     -0.09008047
0.29093081     -0.08926170
0.26990138     -0.08803159
0.24890050     -0.08638356
0.22793474     -0.08433673
0.20701462     -0.08186697
0.18615348     -0.07894100
0.16536566     -0.07553351
0.14467040     -0.07160317
0.12408916     -0.06711454
0.10365637     -0.06199346
0.08342785     -0.05611879
0.06349875     -0.04930052
0.04406529     -0.04118395
0.02546089     -0.03132375
0.00874508     -0.01860086
0.00000000     0.00000000
0.00874508     0.01860086
0.02546089     0.03132375
0.04406529     0.04118395
0.06349875     0.04930052
0.08342785     0.05611879
0.10365637     0.06199346
0.12408916     0.06711454
0.14467040     0.07160317
0.16536566     0.07553351
0.18615348     0.07894100
0.20701462     0.08186697
0.22793474     0.08433673
0.24890050     0.08638356
0.26990138     0.08803159
0.29093081     0.08926170
0.31198028     0.09008047
0.33304215     0.09046669
0.35410751     0.09042502
0.37516797     0.08996671
0.39621599     0.08911065
0.41724530     0.08787635
0.43825059     0.08628428
0.45922916     0.08437187
0.48017837     0.08216065
0.50109724     0.07967846
0.52198545     0.07694997
0.54284313     0.07399712
0.56367190     0.07084672
0.58447255     0.06751557
0.60524523     0.06401416
0.62599283     0.06036702
0.64671716     0.05658982
0.66742330     0.05271417
0.68811453     0.04875961
0.70879600     0.04475430
0.72947025     0.04071183
0.75014387     0.03666614
0.77082140     0.03264053
0.79150766     0.02866003
0.81220999     0.02476410
0.83293291     0.02097921
0.85368193     0.01734026
0.87446043     0.01387373
0.89527391     0.01062404
0.91612567     0.00763019
0.93702248     0.00496971
0.95796619     0.00270921
0.97895854     0.00096017
1.00000000     0.00000000
