section 2 of Vtail
1.00000000     0.00000000
0.97943032     0.00237951
0.95885496     0.00470944
0.93827419     0.00699108
0.91768824     0.00922551
0.89709732     0.01141360
0.87650159     0.01355604
0.85590122     0.01565330
0.83529632     0.01770562
0.81468700     0.01971307
0.79407333     0.02167544
0.77345540     0.02359235
0.75283322     0.02546314
0.73220684     0.02728696
0.71157626     0.02906267
0.69094148     0.03078890
0.67030249     0.03246402
0.64965927     0.03408612
0.62901179     0.03565301
0.60836000     0.03716221
0.58770389     0.03861092
0.56704341     0.03999601
0.54637855     0.04131402
0.52570928     0.04256109
0.50503562     0.04373301
0.48435759     0.04482509
0.46367525     0.04583220
0.44298870     0.04674870
0.42229809     0.04756839
0.40160364     0.04828440
0.38090564     0.04888920
0.36020449     0.04937442
0.33950073     0.04973075
0.31879505     0.04994778
0.29808834     0.05001382
0.27738177     0.04991556
0.25667685     0.04963780
0.23597552     0.04916287
0.21528036     0.04847003
0.19459478     0.04753442
0.17392340     0.04632566
0.15327263     0.04480562
0.13265166     0.04292491
0.11207429     0.04061681
0.09156248     0.03778640
0.07115439     0.03428872
0.05092508     0.02987903
0.03105540     0.02407546
0.01218657     0.01563569
0.00000000     0.00000000
0.01218657     -0.01563569
0.03105540     -0.02407546
0.05092508     -0.02987903
0.07115439     -0.03428872
0.09156248     -0.03778640
0.11207429     -0.04061681
0.13265166     -0.04292491
0.15327263     -0.04480562
0.17392340     -0.04632566
0.19459478     -0.04753442
0.21528036     -0.04847003
0.23597552     -0.04916287
0.25667685     -0.04963780
0.27738177     -0.04991556
0.29808834     -0.05001382
0.31879505     -0.04994778
0.33950073     -0.04973075
0.36020449     -0.04937442
0.38090564     -0.04888920
0.40160364     -0.04828440
0.42229809     -0.04756839
0.44298870     -0.04674870
0.46367525     -0.04583220
0.48435759     -0.04482509
0.50503562     -0.04373301
0.52570928     -0.04256109
0.54637855     -0.04131402
0.56704341     -0.03999601
0.58770389     -0.03861092
0.60836000     -0.03716221
0.62901179     -0.03565301
0.64965927     -0.03408612
0.67030249     -0.03246402
0.69094148     -0.03078890
0.71157626     -0.02906267
0.73220684     -0.02728696
0.75283322     -0.02546314
0.77345540     -0.02359235
0.79407333     -0.02167544
0.81468700     -0.01971307
0.83529632     -0.01770562
0.85590122     -0.01565330
0.87650159     -0.01355604
0.89709732     -0.01141360
0.91768824     -0.00922551
0.93827419     -0.00699108
0.95885496     -0.00470944
0.97943032     -0.00237951
1.00000000     0.00000000
