section 0 of Gear Pod
1.00000000     0.00000000
0.97931903     -0.00358836
0.95862536     -0.00710274
0.93791957     -0.01054496
0.91720216     -0.01391655
0.89647357     -0.01721874
0.87573419     -0.02045248
0.85498435     -0.02361838
0.83422431     -0.02671674
0.81345431     -0.02974754
0.79267451     -0.03271043
0.77188503     -0.03560468
0.75108598     -0.03842923
0.73027739     -0.04118266
0.70945927     -0.04386313
0.68863162     -0.04646845
0.66779439     -0.04899599
0.64694751     -0.05144270
0.62609091     -0.05380508
0.60522450     -0.05607916
0.58434819     -0.05826048
0.56346190     -0.06034405
0.54256557     -0.06232432
0.52165915     -0.06419514
0.50074266     -0.06594972
0.47981617     -0.06758058
0.45887981     -0.06907944
0.43793383     -0.07043724
0.41697862     -0.07164396
0.39601470     -0.07268853
0.37504284     -0.07355873
0.35406402     -0.07424100
0.33307960     -0.07472022
0.31209133     -0.07497945
0.29110148     -0.07499961
0.27011303     -0.07475902
0.24912982     -0.07423278
0.22815691     -0.07339199
0.20720092     -0.07220262
0.18627074     -0.07062386
0.16537844     -0.06860576
0.14454090     -0.06608557
0.12378247     -0.06298189
0.10314000     -0.05918479
0.08267274     -0.05453813
0.06248438     -0.04880492
0.04277994     -0.04159231
0.02404622     -0.03216788
0.00781584     -0.01898976
0.00000000     0.00000000
0.00781584     0.01898976
0.02404622     0.03216788
0.04277994     0.04159231
0.06248438     0.04880492
0.08267274     0.05453813
0.10314000     0.05918479
0.12378247     0.06298189
0.14454090     0.06608557
0.16537844     0.06860576
0.18627074     0.07062386
0.20720092     0.07220262
0.22815691     0.07339199
0.24912982     0.07423278
0.27011303     0.07475902
0.29110148     0.07499961
0.31209133     0.07497945
0.33307960     0.07472022
0.35406402     0.07424100
0.37504284     0.07355873
0.39601470     0.07268853
0.41697862     0.07164396
0.43793383     0.07043724
0.45887981     0.06907944
0.47981617     0.06758058
0.50074266     0.06594972
0.52165915     0.06419514
0.54256557     0.06232432
0.56346190     0.06034405
0.58434819     0.05826048
0.60522450     0.05607916
0.62609091     0.05380508
0.64694751     0.05144270
0.66779439     0.04899599
0.68863162     0.04646845
0.70945927     0.04386313
0.73027739     0.04118266
0.75108598     0.03842923
0.77188503     0.03560468
0.79267451     0.03271043
0.81345431     0.02974754
0.83422431     0.02671674
0.85498435     0.02361838
0.87573419     0.02045248
0.89647357     0.01721874
0.91720216     0.01391655
0.93791957     0.01054496
0.95862536     0.00710274
0.97931903     0.00358836
1.00000000     0.00000000
