section 3 of Htail_1
1.00000000     0.00000000
0.97945227     -0.00213929
0.95889995     -0.00423396
0.93834323     -0.00628516
0.91778233     -0.00829386
0.89721739     -0.01026088
0.87664857     -0.01218682
0.85607598     -0.01407213
0.83549973     -0.01591703
0.81491990     -0.01772157
0.79433656     -0.01948560
0.77374976     -0.02120877
0.75315953     -0.02289052
0.73256590     -0.02453006
0.71196887     -0.02612640
0.69136845     -0.02767833
0.67076463     -0.02918438
0.65015738     -0.03064286
0.62954670     -0.03205183
0.60893254     -0.03340906
0.58831488     -0.03471207
0.56769370     -0.03595808
0.54706898     -0.03714400
0.52644070     -0.03826640
0.50580887     -0.03932153
0.48517352     -0.04030522
0.46453469     -0.04121291
0.44389245     -0.04203958
0.42324693     -0.04277971
0.40259830     -0.04342723
0.38194680     -0.04397541
0.36129275     -0.04441684
0.34063656     -0.04474324
0.31997878     -0.04494540
0.29932013     -0.04501291
0.27866154     -0.04493400
0.25800417     -0.04469518
0.23734960     -0.04428081
0.21669985     -0.04367251
0.19605760     -0.04284826
0.17542652     -0.04178121
0.15481164     -0.04043765
0.13422018     -0.03877392
0.11366298     -0.03673117
0.09315723     -0.03422569
0.07273268     -0.03112978
0.05244766     -0.02722797
0.03244219     -0.02209515
0.01321377     -0.01461906
0.00000000     0.00000000
0.01321377     0.01461906
0.03244219     0.02209515
0.05244766     0.02722797
0.07273268     0.03112978
0.09315723     0.03422569
0.11366298     0.03673117
0.13422018     0.03877392
0.15481164     0.04043765
0.17542652     0.04178121
0.19605760     0.04284826
0.21669985     0.04367251
0.23734960     0.04428081
0.25800417     0.04469518
0.27866154     0.04493400
0.29932013     0.04501291
0.31997878     0.04494540
0.34063656     0.04474324
0.36129275     0.04441684
0.38194680     0.04397541
0.40259830     0.04342723
0.42324693     0.04277971
0.44389245     0.04203958
0.46453469     0.04121291
0.48517352     0.04030522
0.50580887     0.03932153
0.52644070     0.03826640
0.54706898     0.03714400
0.56769370     0.03595808
0.58831488     0.03471207
0.60893254     0.03340906
0.62954670     0.03205183
0.65015738     0.03064286
0.67076463     0.02918438
0.69136845     0.02767833
0.71196887     0.02612640
0.73256590     0.02453006
0.75315953     0.02289052
0.77374976     0.02120877
0.79433656     0.01948560
0.81491990     0.01772157
0.83549973     0.01591703
0.85607598     0.01407213
0.87664857     0.01218682
0.89721739     0.01026088
0.91778233     0.00829386
0.93834323     0.00628516
0.95889995     0.00423396
0.97945227     0.00213929
1.00000000     0.00000000
