section 1 of Wing_1
1.00000000     0.00000000
0.98042154     -0.00110754
0.95983031     -0.00168179
0.93925004     -0.00256821
0.91868150     -0.00369550
0.89812450     -0.00501710
0.87757747     -0.00648590
0.85703952     -0.00807695
0.83650941     -0.00976606
0.81598595     -0.01153423
0.79546786     -0.01336375
0.77495342     -0.01523375
0.75444069     -0.01712238
0.73392841     -0.01901599
0.71341534     -0.02090099
0.69290036     -0.02276509
0.67238223     -0.02459416
0.65186002     -0.02637688
0.63133288     -0.02810183
0.61079988     -0.02975558
0.59026067     -0.03133018
0.56971537     -0.03282318
0.54916337     -0.03422103
0.52860485     -0.03551927
0.50803979     -0.03670950
0.48746804     -0.03777773
0.46688993     -0.03871541
0.44630583     -0.03951060
0.42571646     -0.04015462
0.40512255     -0.04063236
0.38452536     -0.04093534
0.36392630     -0.04106029
0.34332696     -0.04099961
0.32272901     -0.04075300
0.30213404     -0.04032382
0.28154327     -0.03972662
0.26095794     -0.03896383
0.24037854     -0.03805502
0.21980639     -0.03699503
0.19924326     -0.03577244
0.17869062     -0.03438472
0.15815117     -0.03281377
0.13762692     -0.03105572
0.11712185     -0.02908659
0.09664290     -0.02686298
0.07620241     -0.02431104
0.05583012     -0.02126544
0.03559262     -0.01743079
0.01570321     -0.01212106
0.00000000     0.00000000
0.00948497     0.01746882
0.02735572     0.02835484
0.04651434     0.03683680
0.06627182     0.04382192
0.08638095     0.04972526
0.10671308     0.05481052
0.12720174     0.05922465
0.14780555     0.06306663
0.16849771     0.06640102
0.18925999     0.06926686
0.21007658     0.07170770
0.23093636     0.07374717
0.25182921     0.07541469
0.27274664     0.07673908
0.29368303     0.07771878
0.31463255     0.07835996
0.33558969     0.07866256
0.35654900     0.07863213
0.37750531     0.07827594
0.39845410     0.07761039
0.41939108     0.07664144
0.44031324     0.07539280
0.46121786     0.07387811
0.48210357     0.07212179
0.50296880     0.07013661
0.52381289     0.06794050
0.54463632     0.06555638
0.56543861     0.06299409
0.58622069     0.06027284
0.60698309     0.05740518
0.62772621     0.05440112
0.64845175     0.05127807
0.66916109     0.04804927
0.68985730     0.04473733
0.71054262     0.04135806
0.73122033     0.03793246
0.75189277     0.03447519
0.77256389     0.03101002
0.79323719     0.02755793
0.81391717     0.02414602
0.83460851     0.02080384
0.85531492     0.01755635
0.87604022     0.01443181
0.89678832     0.01146257
0.91756304     0.00868593
0.93836979     0.00616104
0.95921226     0.00395112
0.98009375     0.00214912
1.00000000     0.00000000
